  -2.5043320923716250e-01  -3.4385761367669432e-01  -9.0501113210155870e-01
  -3.1791658932446348e-01  -4.8303470872545573e-01  -8.1584711337285165e-01
  -1.4894193930811414e-01  -4.7394316482198828e-01  -8.6786760236435589e-01
  -7.7464209783081953e-02  -3.3666744835208456e-01  -9.3843184378130473e-01
   1.5668371539847199e-02  -4.8465915074618926e-01  -8.7456275345527490e-01
   9.2259542286542734e-02  -3.4366424179539318e-01  -9.3454965933773426e-01
   1.8446107393610453e-01  -4.8228265067144088e-01  -8.5637465928393042e-01
   2.6528259646380092e-01  -3.4032269819501842e-01  -9.0211174757160018e-01
   3.4727518741529367e-01  -4.7713178296242625e-01  -8.0730738005592939e-01
   4.4537569009974182e-01  -3.5749585189285532e-01  -8.2087588011073898e-01
  -3.4959521872787935e-01  -2.0844327488238587e-01  -9.1341917223086155e-01
  -5.0555859257685798e-01  -2.3242031904971461e-01  -8.3089789069688658e-01
  -4.1443004825881297e-01  -3.5954709495398507e-01  -8.3604642311916388e-01
  -1.8666876874886656e-01  -1.9099477510113960e-01  -9.6367824851339634e-01
  -2.1696609341024572e-02  -1.8598066512809522e-01  -9.8231382426473779e-01
   1.3771787041603561e-01  -1.9575729283416571e-01  -9.7093401962765247e-01
   2.7790944107307680e-01  -1.6953661106437318e-01  -9.4552825450710754e-01
   3.9737070766504917e-01  -2.2888264002802822e-01  -8.8865587140556168e-01
  -4.3399384982402089e-01  -7.2235462449821389e-02  -8.9801524278799716e-01
  -5.7558196847960441e-01  -1.0084532930970169e-01  -8.1150207462307911e-01
  -2.7731028971004501e-01  -4.1762113707173969e-02  -9.5987235040896968e-01
  -1.1412560387539526e-01  -2.8061205599915200e-02  -9.9306994480769362e-01
   6.0891973785554221e-02  -3.3452438403614490e-02  -9.9758363152838059e-01
   2.3040688777521726e-01  -2.6144710397720310e-02  -9.7274309053519259e-01
   5.2827063733596347e-01  -1.9200387534992086e-01  -8.2708200656238862e-01
   4.0900648442804366e-01  -5.5410941968583580e-02  -9.1084758505798691e-01
   5.6654309914941103e-01  -4.9494680049335035e-02  -8.2254434132938670e-01
  -3.8512608155822081e-01   8.9835321413496108e-02  -9.1848109198292394e-01
  -5.4237781163964904e-01   5.2647143604531599e-02  -8.3848350473415356e-01
  -2.1590285463959916e-01   1.2754164644571109e-01  -9.6804911331005794e-01
  -3.3000224177351357e-02   1.2060406837898094e-01  -9.9215202660413016e-01
   1.4394265413585439e-01   1.2128746564275075e-01  -9.8212517684778056e-01
   3.2037415461519775e-01   1.0524779741460834e-01  -9.4142620645166397e-01
   4.7381110593779296e-01   9.4550676924038748e-02  -8.7553595322134636e-01
   6.1401149126614030e-01   9.1341150202657553e-02  -7.8399405793206500e-01
  -3.6914309159000719e-01   2.4441455013787819e-01  -8.9665763009761434e-01
  -5.1551754502203595e-01   2.0373545615330646e-01  -8.3230614840962058e-01
  -2.3891348518954508e-01   2.9368255780045510e-01  -9.2556517968124075e-01
  -9.1048022348559077e-02   2.7232443736401268e-01  -9.5788812417776126e-01
   7.5594553744798093e-02   2.7051458485234137e-01  -9.5974336300194862e-01
   2.4765480094480002e-01   2.5964547964693591e-01  -9.3340844460927397e-01
   5.6351595246480302e-01   2.3359602444479477e-01  -7.9239047740446300e-01
   4.1155082079800265e-01   2.4843434738434392e-01  -8.7687302213045948e-01
  -4.6841465202754079e-01   3.6298327964024774e-01  -8.0550037397106622e-01
  -3.3545480902725722e-01   4.2366620408715633e-01  -8.4141370241687086e-01
  -5.3591312922699041e-03   4.1760348317060736e-01  -9.0861356502947310e-01
  -1.6938304767082554e-01   4.3359662086433515e-01  -8.8504426642782830e-01
   1.6820530154275717e-01   4.0815259009380178e-01  -8.9728392370120569e-01
   3.3878151560855102e-01   3.9438732275605565e-01  -8.5421643880885600e-01
   2.5569440887508393e-01   5.3129402531544323e-01  -8.0768002818822660e-01
  -8.8368729922030445e-02   5.6011265657500564e-01  -8.2368973498305609e-01
   8.0371421958948530e-02   5.4623404893627447e-01  -8.3376783238200092e-01
  -3.5428451098504116e-01  -6.2167953156300104e-01  -6.9856785304771785e-01
  -4.8858067404682243e-01  -6.2910234336488169e-01  -6.0458181127186339e-01
  -3.4628606368433235e-01  -7.3835573478185434e-01  -5.7871994177905994e-01
  -2.1603405387192140e-01  -5.9807955144876879e-01  -7.7177078054724468e-01
  -1.9423006365100781e-01  -7.1746147941585781e-01  -6.6897212791605465e-01
  -6.7227297023683810e-02  -6.1450391286625350e-01  -7.8604416644801423e-01
  -6.3019050438945312e-03  -7.2427425875732399e-01  -6.8948320073396030e-01
   9.9562543192434530e-02  -6.1439016474770369e-01  -7.8269535929015455e-01
   1.5881827706259530e-01  -7.3329115771778230e-01  -6.6110576527797960e-01
   2.5867491992595815e-01  -6.1188761144041504e-01  -7.4744955466375307e-01
   3.1667868536020760e-01  -7.1878895071977067e-01  -6.1891603191523625e-01
   4.1726105739770530e-01  -5.8931644180066278e-01  -6.9180874626066613e-01
  -5.6861877810628314e-01  -3.6211013896613237e-01  -7.3861284340501809e-01
  -6.8743261227330332e-01  -3.7404911630897070e-01  -6.2251398552287984e-01
  -5.9776023673615808e-01  -5.0674692690316614e-01  -6.2120065313176331e-01
  -4.6752238975034632e-01  -4.9711071289102032e-01  -7.3096084314490251e-01
   5.1898800676421908e-01  -4.6343291818135179e-01  -7.1824882817921765e-01
   5.7481510155488114e-01  -5.6309061133706084e-01  -5.9373105228588718e-01
   7.0233189451402833e-01  -4.9852932390461924e-01  -5.0813228903066077e-01
  -6.5951142578953326e-01  -2.1254981919134996e-01  -7.2101820616041401e-01
  -7.6212792058505840e-01  -2.4465385086222577e-01  -5.9942099222748180e-01
   6.0014637068605814e-01  -3.1022589838027465e-01  -7.3728164613430058e-01
   6.6462662758361002e-01  -4.0707149105477675e-01  -6.2654947695874608e-01
   6.7120149857263411e-01  -1.5846749082109768e-01  -7.2413852450115890e-01
   7.4363025709207953e-01  -2.6276151053962876e-01  -6.1479299712675683e-01
  -6.8215426625325049e-01  -2.6743586142891525e-02  -7.3071905520022340e-01
  -7.7742213159256157e-01  -9.1066671063720780e-02  -6.2235174196867971e-01
   7.1128700185679650e-01  -4.3970624264250031e-03  -7.0288794756460837e-01
   7.9481088627745611e-01  -9.9059222703853436e-02  -5.9871773437251141e-01
  -6.5990156804936007e-01   1.3369224623420253e-01  -7.3936209247083340e-01
  -7.7927996499275654e-01   7.7575033283192568e-02  -6.2185597236980816e-01
   7.0966057033747598e-01   1.7310172496865148e-01  -6.8294777818012242e-01
   8.0857363015636585e-01   7.9196198546959459e-02  -5.8304086199122185e-01
  -6.2011658299284911e-01   2.9016541321091616e-01  -7.2887547391403640e-01
  -7.4748810772207008e-01   2.3825540210732721e-01  -6.2007732758161271e-01
   5.0124632542292591e-01   3.7457635791270133e-01  -7.8002863623258734e-01
   6.5594720566039177e-01   3.2412236174137415e-01  -6.8167291130388741e-01
   7.8599041259999436e-01   2.5688139195851023e-01  -5.6234421999905781e-01
  -6.9041562301925141e-01   3.9582709879152533e-01  -6.0551397618322811e-01
  -4.3162390011127061e-01   5.3801825584608876e-01  -7.2404223994810457e-01
  -5.5778632328080635e-01   4.3978461789142431e-01  -7.0389197141818116e-01
  -2.6395564757688372e-01   5.5847287663278333e-01  -7.8640667734815939e-01
   4.2570622276276571e-01   5.0938708461291027e-01  -7.4786296199946845e-01
   5.0474332579434478e-01   5.9952485635232200e-01  -6.2113132402237736e-01
   5.8688949774896937e-01   4.6728741285041142e-01  -6.6121342335401190e-01
  -4.7363941611700006e-01   6.6004160210291518e-01  -5.8310443918200827e-01
  -1.6607093477646581e-01   6.7635389028741444e-01  -7.1761121766284486e-01
  -3.3504373409110877e-01   6.6688345723677134e-01  -6.6559157950669545e-01
  -1.2626322171531892e-03   6.7839679753803583e-01  -7.3469462421472864e-01
   1.6424337772693834e-01   6.5606295023623595e-01  -7.3661762007175235e-01
   2.3961772075987342e-01   7.4516914109990529e-01  -6.2233937610460799e-01
   3.3896165915746806e-01   6.3426824380628355e-01  -6.9484443476227775e-01
   4.1103334618115439e-01   7.1669517951242545e-01  -5.6338229293329356e-01
  -2.2902022168883518e-01   7.7289253012461545e-01  -5.9176589538023161e-01
  -7.8546617581988665e-02   7.9007733715981809e-01  -6.0795413492539063e-01
   7.9743546794489709e-02   7.7737291786003049e-01  -6.2396499366744718e-01
  -2.2215871684609778e-01  -8.2897768679620032e-01  -5.1326552516540225e-01
  -3.5700422259690756e-01  -8.3209852760285730e-01  -4.2445261856788519e-01
  -1.9334616071412608e-01  -9.1066312721646803e-01  -3.6511632511492864e-01
  -9.0146239849661636e-02  -8.0643102315713933e-01  -5.8441651271220652e-01
  -5.6685099003117627e-02  -8.9348847065411996e-01  -4.4549427870531455e-01
   6.5224315000781921e-02  -8.3079235654754513e-01  -5.5274754548062488e-01
   1.0305896138994206e-01  -9.1365955563374524e-01  -3.9319850823264008e-01
   2.1315238373547996e-01  -8.3147530738960007e-01  -5.1304471004899066e-01
   2.5631989891268980e-01  -9.0096897006108101e-01  -3.5007859747271525e-01
   3.5817688387464885e-01  -8.0315486789297064e-01  -4.7607938207579542e-01
  -6.1913423867062467e-01  -6.1773594512286456e-01  -4.8484543579259087e-01
  -7.3603795428475072e-01  -5.7596693376272479e-01  -3.5568275339729960e-01
  -6.1367784889783472e-01  -7.1105217855095471e-01  -3.4322630602864301e-01
  -4.8850795295859223e-01  -7.3246368354874547e-01  -4.7419081831938603e-01
   4.7229908539008331e-01  -6.8007054343875051e-01  -5.6074738509119537e-01
   5.0692580333330373e-01  -7.4733336767495362e-01  -4.2955682682794988e-01
   6.2707597396652848e-01  -6.4284138321811723e-01  -4.3992121896556352e-01
  -7.2313277345632754e-01  -4.8341171559199181e-01  -4.9334785413718674e-01
   7.9501565032382826e-01  -3.6242702880377259e-01  -4.8641213444223386e-01
   7.5656717038544929e-01  -5.3512564001767027e-01  -3.7582797406610557e-01
   8.4311035568314019e-01  -4.1555059118097259e-01  -3.4129552342360553e-01
  -8.5649613750894171e-01  -1.7435586314266630e-01  -4.8581313220212546e-01
  -8.9511481641249779e-01  -2.7401845395961355e-01  -3.5168644035334024e-01
  -8.0747786886823736e-01  -3.4707351579290013e-01  -4.7699000610407472e-01
   8.5394023070926106e-01  -1.9788706362476702e-01  -4.8127621219646977e-01
  -8.6815240943105021e-01  -3.3969430748807491e-03  -4.9628606143715959e-01
  -9.2757505327051915e-01  -9.9466359459844000e-02  -3.6015408353369888e-01
   8.8263176985643765e-01  -1.8399890017761489e-02  -4.6970480398589370e-01
  -8.5359596279190808e-01   1.6888341923586744e-01  -4.9280049006931564e-01
  -9.2999237384187994e-01   8.1670421782367442e-02  -3.5839102500179226e-01
   8.7764383884217834e-01   1.6531405947342326e-01  -4.4990282715580032e-01
  -8.0676307827126914e-01   3.3401499217017533e-01  -4.8740878176723867e-01
  -8.9992250213291647e-01   2.5624955818385614e-01  -3.5281107421027674e-01
   7.2564957515285189e-01   4.1113372128981263e-01  -5.5172616151391274e-01
   8.3959292139501351e-01   3.4092210266195094e-01  -4.2291352101811636e-01
  -8.3107682053022602e-01   4.2767727973620190e-01  -3.5553264656682793e-01
  -5.8638833446813521e-01   5.4577688608142261e-01  -5.9856186966674740e-01
  -7.2218719999542191e-01   4.9510988147250562e-01  -4.8302365721675988e-01
   6.4675907937310462e-01   5.5611683450481397e-01  -5.2195474864091385e-01
   7.6940644556097226e-01   4.9215994017839843e-01  -4.0717602435903055e-01
  -6.1812706698939734e-01   6.3381980923923986e-01  -4.6496384641283545e-01
  -3.5567830749011270e-01   7.8173181259561875e-01  -5.1223853306534584e-01
  -4.9372504552250418e-01   7.5211375234370270e-01  -4.3653233896159016e-01
   3.0080075703875719e-01   8.1432979378851156e-01  -4.9637273445795838e-01
   5.5147008505327766e-01   6.8822759098345132e-01  -4.7140590609414923e-01
   4.3639695075544449e-01   8.0250767468597550e-01  -4.0686500641055229e-01
  -3.4597365008163894e-01   8.6342597563998857e-01  -3.6714822352739435e-01
  -1.8568211076912616e-01   8.6773981151177937e-01  -4.6103120638176287e-01
  -1.2180936157575321e-02   8.7443783654635987e-01  -4.8498463358177307e-01
   1.4902250294948685e-01   8.5504684652539764e-01  -4.9667613578834585e-01
   2.8417724051382459e-01   8.8833497634933967e-01  -3.6069968917142997e-01
  -4.9222901475521069e-01  -8.0909261241627084e-01  -3.2106033944809925e-01
  -4.6441758567640645e-01  -8.6607697808074080e-01  -1.8500533547179043e-01
  -3.3166570954389024e-01  -9.0138953585069925e-01  -2.7837880984659868e-01
  -1.7986574859858556e-01  -9.6238416254114245e-01  -2.0362965444908604e-01
  -2.7463932015456015e-02  -9.5703752708333389e-01  -2.8866053452536133e-01
   1.3885577580471711e-01  -9.6551676718042156e-01  -2.2021908595564035e-01
   3.2969886424908290e-01  -9.2278757050116478e-01  -1.9940350709408999e-01
   4.1761136074681937e-01  -8.4754229956737659e-01  -3.2752526897818618e-01
  -7.1434580578687201e-01  -6.6259667903431019e-01  -2.2511266221029844e-01
  -6.0620417094525669e-01  -7.7763366902285203e-01  -1.6674045679028041e-01
   5.7899986130071790e-01  -7.5998622513126102e-01  -2.9526276132368173e-01
   6.4563013871558972e-01  -7.4873826777020192e-01  -1.5017566500124410e-01
   7.0795119967920261e-01  -6.5015986737230524e-01  -2.7585729232921186e-01
   7.6726835841203300e-01  -6.3269166899696183e-01  -1.0488335502615682e-01
  -8.2962667527096279e-01  -4.4369389000062714e-01  -3.3890310068655283e-01
  -9.0657438868174989e-01  -3.6564596080431749e-01  -2.1077454574449705e-01
  -8.2243104367578124e-01  -5.3664802197741734e-01  -1.8872222684700032e-01
   8.2338153945722803e-01  -5.2686561050554259e-01  -2.1084465596184102e-01
  -9.5719873677848422e-01  -1.9840064581848790e-01  -2.1073149277808706e-01
   8.9873144968226792e-01  -2.7317381344220176e-01  -3.4301289917648037e-01
   9.0691683305575521e-01  -3.7682206389696538e-01  -1.8843298564887934e-01
   9.5806503298508339e-01  -2.1071271440466446e-01  -1.9419460486715207e-01
  -9.7336549062105326e-01  -2.6780008467621103e-02  -2.2768937791322269e-01
   9.3395969624554809e-01  -1.0920371775364825e-01  -3.4028493034177254e-01
   9.8054247632589808e-01  -3.5816135007012764e-02  -1.9301206333759321e-01
  -9.6367981997629359e-01   1.6291267094836959e-01  -2.1161442818231144e-01
   9.4165519242352491e-01   6.8316694403616610e-02  -3.2957294768772694e-01
   9.7208857357662881e-01   1.4536837203010974e-01  -1.8415168078263811e-01
  -9.5777783201338174e-01   2.7169856194772529e-01  -9.4029335525059973e-02
   8.6650613241519303e-01   4.2253317784025118e-01  -2.6576838809588071e-01
   9.1916516343445531e-01   2.5108427919275433e-01  -3.0346678083567263e-01
  -9.1013405392646973e-01   3.5121102001028287e-01  -2.1978813277041725e-01
  -7.4200276759260342e-01   5.7751578711095319e-01  -3.4045177121368164e-01
   6.7743317311988682e-01   6.3596110802457251e-01  -3.6964545856385073e-01
   7.8590744641095900e-01   5.6342019794781228e-01  -2.5476884860644494e-01
  -6.2355540612377791e-01   7.1242588162943365e-01  -3.2191306074518722e-01
  -7.3361648021246850e-01   6.5066132568869273e-01  -1.9607829868116855e-01
   5.6136292703904045e-01   7.6609273003000666e-01  -3.1300733720047580e-01
   6.7261467865736035e-01   7.0764352042028589e-01  -2.1640273117925327e-01
   7.6999725683472242e-01   6.2798450195351463e-01  -1.1287023422142159e-01
  -6.1612601961052837e-01   7.6944576731918068e-01  -1.6835064334146194e-01
  -4.8650607103035831e-01   8.2387934191842538e-01  -2.9074847000571863e-01
  -2.0610079248292032e-01   9.2989144097694332e-01  -3.0467092302308107e-01
  -3.5304669951362233e-01   9.1629657166528544e-01  -1.8909949951542013e-01
  -4.5604960810584620e-02   9.3822234882135502e-01  -3.4301459403588747e-01
   1.2470992791071384e-01   9.2648324543286953e-01  -3.5507214733442810e-01
   4.2479008976033483e-01   8.6995671784535156e-01  -2.5045695980976451e-01
   2.7246711737179419e-01   9.3796297702994402e-01  -2.1444608570041462e-01
   5.4709999858750524e-01   8.2398034468425629e-01  -1.4743806536836351e-01
  -2.1014841804017337e-01   9.6644036276803280e-01  -1.4775204772863748e-01
  -5.9359837945722249e-02   9.8093293648590985e-01  -1.8505940601922269e-01
   9.8977095560360995e-02   9.7222198212182476e-01  -2.1210363512572211e-01
  -4.9311612672555055e-01  -8.6906975165087264e-01  -3.9424007009452679e-02
  -3.2962164835499314e-01  -9.3744386972433402e-01  -1.1202035552524874e-01
  -1.8465165478517154e-01  -9.8218486845469311e-01  -3.4880518398312438e-02
  -2.4254285892389257e-02  -9.9174785098492380e-01  -1.2588856057098904e-01
   1.0788696889712150e-01  -9.9365975378987681e-01  -3.1633773730505507e-02
   2.4891129290892799e-01  -9.6474346078415962e-01  -8.5517384996317572e-02
   4.0499977402730664e-01  -9.1407180307707914e-01  -2.1164164459008410e-02
   4.8605711645208899e-01  -8.5481569180910921e-01  -1.8176526781317284e-01
   5.4671982520082829e-01  -8.3604815416182587e-01  -4.6053410894085899e-02
  -7.3891994311411702e-01  -6.6942645827517999e-01  -7.6586778424077490e-02
  -6.3069671427356877e-01  -7.7600632268766301e-01   5.9867982507239128e-03
   6.7094415418519293e-01  -7.4138409163303753e-01   1.3548824235772645e-02
   8.7258231996519475e-01  -4.8597247690710776e-01  -4.9303616225680490e-02
  -8.9814370729637161e-01  -4.3374371359350400e-01  -7.2140640155504629e-02
  -8.3596728800242448e-01  -5.4877350959053606e-01  -2.5156632440061686e-03
   8.5107514888001834e-01  -5.1325518726918251e-01   1.1063545408290683e-01
  -9.5863979141105504e-01  -2.7990475454264246e-01  -5.1605025993519751e-02
   9.4870590953237777e-01  -3.1303419836842516e-01  -4.4347354714586951e-02
   9.8928210743812095e-01  -1.3906729150868571e-01  -4.4510676643119619e-02
  -9.9030454554455871e-01  -1.2543266536442030e-01  -5.9695506810498955e-02
   9.9833783798041853e-01   3.7158731585535031e-02  -4.4054397323510491e-02
  -9.9456023605218291e-01   3.6964250471608597e-02  -9.7383679592108224e-02
   9.7606652239574121e-01   2.1402277544019527e-01  -3.8579728500336988e-02
  -9.8966472034303743e-01   1.4329583154557748e-01  -5.4814204362601347e-03
   9.2045893543480128e-01   3.9069901634800835e-01   1.0470281893575840e-02
   9.3206704623827097e-01   3.3032965010091142e-01  -1.4877279180305247e-01
  -8.3991595700981625e-01   5.0395640775242112e-01  -2.0141778532582469e-01
  -9.0406008922852288e-01   4.2474831623331250e-01  -4.7583851473806726e-02
   8.6213115134233476e-01   4.9825973031966497e-01  -9.2016949671867798e-02
  -8.0726221085419358e-01   5.8682014386606973e-01  -6.3006679644342395e-02
  -6.9839889437175251e-01   7.1503039188535800e-01  -3.1153218462704021e-02
   6.6284473756632822e-01   7.4707602909986592e-01  -5.0142403462557196e-02
   7.7627756081578692e-01   6.2930831452388336e-01   3.6934994855845310e-02
  -4.8907071359460508e-01   8.6156846894818984e-01  -1.3605002910082623e-01
  -4.1941924670145286e-01   9.0778986015064200e-01  -2.2506230389841867e-03
  -2.7845407983033227e-01   9.6042859394587876e-01  -6.3436075686601695e-03
   3.0461002024019584e-01   9.5161872282742743e-01   4.0429468628258379e-02
   4.0333840048418029e-01   9.1145242442604812e-01  -8.1071651659146926e-02
   5.3666145731451464e-01   8.4346825923509594e-01   2.3574899702405793e-02
  -1.0908320084383451e-01   9.9397134906602147e-01  -1.1036871365423001e-02
   5.1041614053285486e-02   9.9768295124335382e-01  -4.4983134986203537e-02
   2.1417332981853246e-01   9.7358687628812002e-01  -7.9109917924259351e-02
  -5.0245279139291987e-01  -8.5686545577762241e-01   1.1542436101824595e-01
  -3.5041150285029971e-01  -9.3547460662802295e-01   4.5815270645714973e-02
  -2.0325724533775938e-01  -9.7004166163314831e-01   1.3306264281798399e-01
  -4.2916087618103886e-02  -9.9764141826657848e-01   5.3570607450401299e-02
   1.0933292287283858e-01  -9.8387200496616634e-01   1.4157044119426174e-01
   2.6384920754880969e-01  -9.6158355284683439e-01   7.5767186633294140e-02
   4.0671247731420657e-01  -8.9952858184323170e-01   1.5947818422607341e-01
   5.4008400197455264e-01  -8.3506819893496020e-01   1.0473955288558864e-01
  -7.4607129788570603e-01  -6.5977865169042649e-01   8.9831783043090974e-02
  -6.3260430724197525e-01  -7.5410168944034528e-01   1.7647218602974649e-01
   6.6500839140804258e-01  -7.2602480211234721e-01   1.7507662915025135e-01
   7.7599414930723010e-01  -6.2839501312658508e-01   5.4339559425773315e-02
  -9.2096292121780132e-01  -3.8065060395503703e-01   8.3261128088919750e-02
  -8.4544378549855337e-01  -5.1084265614564917e-01   1.5577094152612075e-01
   8.5005925771448532e-01  -4.5670980250641902e-01   2.6232692326264573e-01
  -9.7213467571075163e-01  -2.0511066578089981e-01   1.1350677100361758e-01
   9.1992637347661654e-01  -3.7816757319767680e-01   1.0356038800593727e-01
   9.6925647683401495e-01  -2.2037622484713759e-01   1.0943583342505503e-01
  -9.9711717186564608e-01  -2.8355994411082362e-02   7.0379564872299877e-02
   9.9256370703989771e-01  -5.4382537638947986e-02   1.0890283314571950e-01
  -9.7974294981805810e-01   1.2641903875498142e-01   1.5531252017167388e-01
   9.8774040618570491e-01   1.1313928204900732e-01   1.0755646352281086e-01
  -9.5402716388788045e-01   2.9085997722016316e-01   7.2337018293081035e-02
   8.9730254989352787e-01   3.9126703492126375e-01   2.0434833333916722e-01
   9.5487064950994049e-01   2.7648562037759428e-01   1.0852531699507356e-01
  -8.9792095631828772e-01   4.1231336303128135e-01   1.5406377533439305e-01
   8.5299055397144985e-01   5.1109921968078531e-01   1.0575775374492205e-01
  -8.4861778306624269e-01   5.2436070030244719e-01   6.9955087320813888e-02
  -7.5192613653706342e-01   6.5030858638533029e-01   1.0819347330573538e-01
   6.6001894630684543e-01   7.4307772135944627e-01   1.1050108838945738e-01
   7.5531501059135298e-01   6.2206102013645725e-01   2.0625062909522077e-01
  -5.7224084541035036e-01   8.2008381885785808e-01   1.7160686347848159e-03
  -4.9135221095368614e-01   8.5769638431603068e-01   1.5142627619449706e-01
  -3.3917966533159644e-01   9.2756551621558692e-01   1.5677808441634317e-01
   2.7520142294306238e-01   9.3769818718833031e-01   2.1209970899044792e-01
   4.1911718911477569e-01   8.9998489786474545e-01   1.1986644819928970e-01
   5.2561798063481890e-01   8.2512653360757959e-01   2.0710369859110453e-01
  -1.7914029094953587e-01   9.7307026086804171e-01   1.4506213693695824e-01
  -9.3803065027594744e-03   9.9178548318200566e-01   1.2756788467067134e-01
   1.5210038918266428e-01   9.8397442110619859e-01   9.3058101308824609e-02
  -4.9808669227251556e-01  -8.2314504057027860e-01   2.7265709080377654e-01
  -3.5759284011572851e-01  -9.1049657757233882e-01   2.0766160677175027e-01
  -2.0788591788349620e-01  -9.3168588824474485e-01   2.9790073983012694e-01
  -5.1025686258878385e-02  -9.7368760999318105e-01   2.2210091734969784e-01
   1.0002091332517549e-01  -9.4672502763884969e-01   3.0611687137401761e-01
   2.5855834402154920e-01  -9.3551466934863559e-01   2.4074859536526330e-01
   3.9953583028426398e-01  -8.5607361323610953e-01   3.2788578657809464e-01
   5.3840999751126206e-01  -7.9998818233693669e-01   2.6482745835952670e-01
  -7.4321076070078884e-01  -6.2236885330911329e-01   2.4554994524384269e-01
  -6.1687422625857291e-01  -7.1070019326060030e-01   3.3818844491974054e-01
   5.2245468222852676e-01  -7.4071432922725988e-01   4.2235457555814349e-01
   7.6253006178206750e-01  -6.0467734179663057e-01   2.3002873124111495e-01
   6.5104404071642419e-01  -6.7707086996199839e-01   3.4309866525029442e-01
  -9.0755608957727385e-01  -3.4467434243271089e-01   2.3987818145839288e-01
  -8.2454792299171831e-01  -4.7155219444183993e-01   3.1266475753933065e-01
   7.4885304070448311e-01  -5.3883557038638885e-01   3.8584368792818791e-01
   9.1654775680962475e-01  -3.0332162887827652e-01   2.6064573455530432e-01
  -9.3928008402382857e-01  -1.9481163680395661e-01   2.8249132716236197e-01
   8.8966883723889678e-01  -2.1499314966367533e-01   4.0282416218951150e-01
   9.5584360800245094e-01  -1.3435690590393390e-01   2.6136414994558543e-01
  -9.7326988753363619e-01  -4.2762688849837589e-02   2.2564812975647541e-01
   9.6535753704370719e-01   4.0027750175942588e-02   2.5784220928459295e-01
   9.1621370494162169e-01  -3.5176935946195372e-02   3.9914286922677722e-01
  -9.4154326699907254e-01   1.2187555997803591e-01   3.1407423365942216e-01
   9.4376251316262527e-01   2.1366658719077466e-01   2.5230717046333140e-01
   9.0850647407888652e-01   1.4456858565046149e-01   3.9206620690869881e-01
  -9.3045739474030797e-01   2.7333550907578830e-01   2.4400150829730177e-01
   8.7534783538175809e-01   3.2688393138586586e-01   3.5624859648031032e-01
  -8.0400287243956603e-01   5.4635526831286196e-01   2.3468127725855659e-01
  -8.5019141214251948e-01   4.1590885170207181e-01   3.2279155781242563e-01
  -7.3830350525231359e-01   5.5060415130124074e-01   3.8954204227783584e-01
   8.1328664622053304e-01   4.9797533196424032e-01   3.0097408498816325e-01
  -6.3408027926792332e-01   7.6040329774187354e-01   1.4046004494800657e-01
  -6.9005989229744102e-01   6.6974353709089751e-01   2.7433727338336250e-01
  -5.5536312903684504e-01   7.7790142869876966e-01   2.9400877900977324e-01
   6.2360280175938443e-01   7.3400155047706239e-01   2.6900050099416983e-01
   6.7830714556645799e-01   6.4145369409194153e-01   3.5838048860015509e-01
  -4.0443806771700097e-01   8.6242126988004619e-01   3.0440007003912978e-01
  -2.3951066351858760e-01   9.2299949758372091e-01   3.0117531359838356e-01
  -3.0364259737415689e-01   8.4402578718814425e-01   4.4206520290711532e-01
  -6.8195212079508793e-02   9.5640896427139854e-01   2.8395652151472311e-01
  -1.2896374570919006e-01   8.9310573444945662e-01   4.3096461500470323e-01
   1.0733142909833898e-01   9.6057601672277260e-01   2.5646379944296227e-01
   5.1603207523314550e-02   9.1270302907158385e-01   4.0535205648529926e-01
   2.3044951963575483e-01   9.0067185136440242e-01   3.6835205314952374e-01
   3.9860137225465825e-01   8.6457764246208690e-01   3.0597785245243331e-01
  -4.7892256964474494e-01  -7.6692130349946552e-01   4.2715908807323189e-01
  -3.5261442896100931e-01  -8.6024692055902885e-01   3.6829105359377001e-01
  -2.1120616932419520e-01  -8.6255605645373834e-01   4.5977059879289228e-01
  -6.1233010952086150e-02  -9.2060059817065876e-01   3.8567480734106402e-01
   8.2833026900829387e-02  -8.8449919022966539e-01   4.5912947208550298e-01
   2.1977817524748375e-01  -8.0978492172174177e-01   5.4400913065590983e-01
   2.4624623187148756e-01  -8.8363239519575210e-01   3.9819164161206555e-01
  -7.0983661930428421e-01  -5.8097372822661542e-01   3.9824803954963983e-01
  -5.8245577333662069e-01  -6.4236170315356667e-01   4.9811315424157226e-01
  -4.5673945606858507e-01  -6.8233169936496452e-01   5.7079989603353365e-01
  -3.3288711555962147e-01  -7.8048423854124394e-01   5.2917910170668103e-01
   3.7963665720570555e-01  -7.8865944775800578e-01   4.8362411433644925e-01
   4.9000897540887117e-01  -6.6102159670805871e-01   5.6827955506447425e-01
   6.2423322057479957e-01  -6.0020375768697209e-01   5.0008832778745427e-01
  -8.5266756042163472e-01  -3.1872065336565841e-01   4.1397485010902019e-01
  -7.6586402047108848e-01  -4.4293043428930884e-01   4.6611686574092592e-01
  -6.4734932880095586e-01  -5.2066078137580041e-01   5.5664279141842210e-01
   7.1479651471670391e-01  -4.5827776713749530e-01   5.2824940198387782e-01
   8.2995484661317920e-01  -3.8305797607185460e-01   4.0551392029254524e-01
  -8.8892958706312353e-01  -1.6462476511538734e-01   4.2743756965724022e-01
  -7.3480676728989258e-01  -3.4839932513499455e-01   5.8195955614669470e-01
   6.7710943736739082e-01  -3.5653204059552790e-01   6.4374506899610839e-01
   7.9490746934509915e-01  -2.9196356740982243e-01   5.3186407143620851e-01
  -9.2290761307400393e-01  -2.4070237699242936e-02   3.8426834554403067e-01
  -8.0691274782218891e-01  -2.0036268435095020e-01   5.5564972070696306e-01
   8.4201063062970571e-01  -1.1242982851134851e-01   5.2761504107395762e-01
  -8.7400432908110581e-01   1.1975304558066369e-01   4.7093061147226517e-01
   8.4797443553237439e-01   6.5828959150132538e-02   5.2593336538078794e-01
  -8.7355309534193371e-01   2.7169570353173900e-01   4.0383961457603412e-01
  -7.9069980972446563e-01   2.6710706647276833e-01   5.5086080450691532e-01
  -6.7802841005499759e-01   4.0204419064911434e-01   6.1533563518098855e-01
   8.2846433795653907e-01   2.4087527046322765e-01   5.0559464476347082e-01
  -7.7552244024462746e-01   4.1453510077222255e-01   4.7615711157640134e-01
   7.2431502563416506e-01   5.3257825106312617e-01   4.3786773132433571e-01
   7.8766348919398976e-01   4.0095395235811476e-01   4.6778430486620243e-01
   6.5409905855251871e-01   4.9313871972989254e-01   5.7355786517479745e-01
  -6.0830802195471689e-01   6.7050021062025167e-01   4.2472440238787523e-01
  -4.6534141319481559e-01   7.6819674900564205e-01   4.3969435291235470e-01
  -5.0985120959281593e-01   6.4773814794283380e-01   5.6611574415160903e-01
  -3.6351157992791766e-01   7.3740720499558032e-01   5.6928898222160895e-01
   5.1409627267197988e-01   7.6175653379957864e-01   3.9424865965330658e-01
   5.8523402386908341e-01   6.4063062303939278e-01   4.9708504516849089e-01
   4.4002124510007801e-01   7.0662586537368810e-01   5.5413102263405489e-01
  -1.9347367264218876e-01   8.0384558003954010e-01   5.6249464125913085e-01
  -1.0037488080157917e-02   8.4080242756336210e-01   5.4124904308146182e-01
   1.7257672836240132e-01   8.4203035074599331e-01   5.1107940796935791e-01
   3.4969838700713246e-01   8.1509288689634363e-01   4.6188161238091535e-01
  -8.1855557774390408e-02  -8.3651709589628909e-01   5.4179222579756736e-01
   5.2343089773621711e-02  -8.0178961928832126e-01   5.9530967349308150e-01
  -4.9529950038652776e-01  -5.5845311142895271e-01   6.6543859765734781e-01
  -3.4109804289941520e-01  -6.5808310365436173e-01   6.7125163226232187e-01
  -2.0040776611638858e-01  -7.5422645353775186e-01   6.2528328305185343e-01
  -5.0491886083637735e-02  -7.1795283857193015e-01   6.9425808675608891e-01
   1.4761553308603781e-01  -7.2252859202608910e-01   6.7539772585975022e-01
   3.2889702489422434e-01  -7.0881395745016518e-01   6.2402685898890864e-01
   2.4930991215963796e-01  -6.2391350222554587e-01   7.4065950978813977e-01
   4.2609056706947607e-01  -5.8210040457937495e-01   6.9253588184507830e-01
  -6.0980818617178556e-01  -4.3143535430111496e-01   6.6482893373931040e-01
  -4.7579208037493814e-01  -4.2073593329285613e-01   7.7240091318477722e-01
  -3.4315592478207813e-01  -5.2387173532437326e-01   7.7961683936096882e-01
   3.1289024038539426e-01  -5.0766552886850735e-01   8.0272997220125575e-01
   4.4528462443435962e-01  -4.3928509999652282e-01   7.8022445755269443e-01
   5.7354065858607328e-01  -5.0264478004252866e-01   6.4683795346643924e-01
  -7.0821600814254948e-01  -2.0883162717249110e-01   6.7440302290479248e-01
  -6.0670210826232929e-01  -3.0307413350144669e-01   7.3488680858509903e-01
   5.4947470218177219e-01  -3.5015587435334644e-01   7.5859634544209098e-01
   7.4611368650748267e-01  -1.8200327213541359e-01   6.4046012814086761e-01
   6.3138476714442071e-01  -2.2473966727839639e-01   7.4218956996819974e-01
  -8.3770088744844362e-01  -3.6957890690197101e-02   5.4487736003968967e-01
  -7.3039592779533469e-01  -5.5660313488735090e-02   6.8075231777962242e-01
   7.6323467416036928e-01  -6.1594354160305941e-03   6.4609201629076851e-01
   6.5522401524777940e-01  -7.2617157226572610e-02   7.5193632597375493e-01
  -7.8583237709341980e-01   1.0977075444845230e-01   6.0861963210162950e-01
  -6.8390962974943759e-01   9.1566945649040388e-02   7.2379770157171186e-01
   7.5219598808519261e-01   1.6918522129242344e-01   6.3684971257336243e-01
   6.5413199867665650e-01   9.1130857259100986e-02   7.5087049160458019e-01
  -5.6393819403684242e-01   3.6056845835145723e-01   7.4294286465953641e-01
  -6.8686372162393228e-01   2.5137295842817231e-01   6.8193098161616728e-01
  -4.4703790877440375e-01   2.8680954801167274e-01   8.4728825749443015e-01
   7.1715479985164632e-01   3.3898437175558488e-01   6.0891591271309098e-01
   6.3065109842313383e-01   2.5997031633888079e-01   7.3122816321607664e-01
  -6.4931651662306999e-01   5.4263374172752155e-01   5.3285709489437394e-01
  -5.4237348552171294e-01   5.1008913582554583e-01   6.6756278784529033e-01
  -4.2044647606852764e-01   4.5292951961979594e-01   7.8618039343304535e-01
  -3.9708745050426103e-01   6.0136869731400577e-01   6.9330891133958583e-01
   5.1434008196023850e-01   5.7056272645505879e-01   6.4024405914409310e-01
   5.7819017560815622e-01   4.1756740522861102e-01   7.0095191198887130e-01
   4.2910483628200718e-01   4.7870964500096969e-01   7.6596743746874607e-01
  -2.5588141034410083e-01   6.8823509317372178e-01   6.7886461121822539e-01
  -1.4319974288561507e-01   6.3195545409544840e-01   7.6166011952609769e-01
  -7.6023723409862853e-02   7.4643122477655255e-01   6.6110575565296381e-01
   3.2446428358139399e-02   6.5499191652195610e-01   7.5493895023219915e-01
   1.0383932353711464e-01   7.6001005507454478e-01   6.4156224255557770e-01
   1.9933576877521322e-01   6.4783671750972061e-01   7.3523658691133231e-01
   2.7701926273141153e-01   7.4473237347114496e-01   6.0715238612705802e-01
   3.6227306197701381e-01   6.2199963447784401e-01   6.9417194071442212e-01
  -2.0726681691806009e-01  -6.2568637511342162e-01   7.5203525622279299e-01
  -7.9483365484999888e-02  -5.8607337550794980e-01   8.0635004379729247e-01
   7.2961385337397683e-02  -6.2292892785115284e-01   7.7886853004589995e-01
  -3.4395522980772408e-01  -3.6873237663490360e-01   8.6355731385304779e-01
  -1.9068058897412554e-01  -4.6525100886295934e-01   8.6439713774426574e-01
  -5.1491416267868285e-03  -4.7543492876793453e-01   8.7973582105535308e-01
   1.5472226292077340e-01  -5.0378975649977631e-01   8.4985698950033428e-01
   2.8450896902450479e-01  -3.7901514261482117e-01   8.8056922965390971e-01
  -6.0192030648093464e-01  -1.3570123161860018e-01   7.8694162450787464e-01
  -4.8485600560686248e-01  -2.5604227124225665e-01   8.3627567773077371e-01
  -3.5770870090885454e-01  -1.9624831461486089e-01   9.1297923541826853e-01
  -2.0951672221271311e-01  -3.0185392195227939e-01   9.3004674770425810e-01
  -5.2903845974919490e-02  -3.4199696292396259e-01   9.3821066953635091e-01
   1.2241931610058426e-01  -3.5555565485335811e-01   9.2660330635459365e-01
   2.5539718744196122e-01  -2.2755337141680165e-01   9.3967640164238608e-01
   4.1160127581990691e-01  -2.8406373002010787e-01   8.6596315570033822e-01
   5.1423618466685472e-01  -1.7445020230817790e-01   8.3971916334802821e-01
  -5.8580639860033823e-01   1.6173470658291438e-02   8.1028962859323772e-01
  -4.6343391219099106e-01  -7.6668980219482874e-02   8.8280851632925317e-01
  -3.2589015976535451e-01   3.4861203623065239e-03   9.4540121151441903e-01
   3.7355736561901226e-01  -1.0630318336219986e-01   9.2149580997357017e-01
   2.7959748062585382e-01   6.5467490260107813e-02   9.5788269456479802e-01
   5.3666848046678994e-01  -1.7526745838489448e-02   8.4361113983504254e-01
  -5.6997668876096641e-01   1.9333730133399102e-01   7.9859079770679431e-01
  -4.5189623962603515e-01   1.0374529222065099e-01   8.8601732655400189e-01
  -3.2067949529796186e-01   2.0283415857779202e-01   9.2521509142981639e-01
   4.1947191556750907e-01   5.0071834475361607e-02   9.0638629923581504e-01
   3.7703468336504198e-01   2.1245190554985413e-01   9.0150376336877180e-01
   5.2878412822319076e-01   1.6156062224743686e-01   8.3323796785687887e-01
  -3.0210516786666058e-01   3.6409896271296793e-01   8.8100193694429396e-01
  -1.6892372546232437e-01   4.3198912588312732e-01   8.8591769939123621e-01
  -1.4249779416513031e-01   2.7758583756996069e-01   9.5007393472226964e-01
  -4.4719752246781619e-03   3.9836820217217556e-01   9.1721468421286112e-01
   4.7808503292583217e-02   2.5916756267971536e-01   9.6464839266313962e-01
   1.6681079848366728e-01   3.8901421155690136e-01   9.0600336683480576e-01
   2.1956961497148922e-01   2.3499321664557135e-01   9.4687241606873285e-01
   3.2857243949808435e-01   3.6832310943709606e-01   8.6970008569441148e-01
   4.8510042360077799e-01   3.2309773613743836e-01   8.1257949268069030e-01
  -2.6988644381850768e-01   5.3585703048509237e-01   8.0001159386767540e-01
  -6.5266697785871394e-02   5.3632747510986245e-01   8.4148267813568667e-01
   1.0447642354789589e-01   5.2906185493551383e-01   8.4212720569687927e-01
   2.7008467670231867e-01   5.1576429386946199e-01   8.1304456248101142e-01
  -2.3419386026960620e-01  -1.3273389498833596e-01   9.6308615862405866e-01
  -7.6930572522870208e-02  -1.8373331233170923e-01   9.7996109971310696e-01
   8.3849554454583933e-02  -2.0766713085218774e-01   9.7459920735725414e-01
  -1.3385133099273133e-01  -1.7337443770612346e-02   9.9084975361301630e-01
   3.1230784401583011e-02  -4.2068684029376066e-02   9.9862648869820103e-01
   2.0072200605420346e-01  -7.3540370167465077e-02   9.7688407205830141e-01
  -2.0806567094343503e-01   1.2022038539396587e-01   9.7069858118294605e-01
  -4.2859950566838931e-02   1.2879075300183351e-01   9.9074515723198409e-01
   1.2240256802752290e-01   9.6821727926624149e-02   9.8774650813939624e-01
