  -1.4445658883262649e-01  -1.6982138289190197e-02  -9.8936540313575161e-01
  -3.4325028926200735e-01  -1.2009001267285367e-01  -9.3153509208069141e-01
  -1.1612640261641104e-01  -2.4487864435745957e-01  -9.6257420916676550e-01
   7.9250377139004222e-02  -5.3394600006918841e-02  -9.9542372606514995e-01
   1.2903188797886816e-01  -2.8568026457020113e-01  -9.4959863011680301e-01
   3.0769915476277876e-01  -8.9810162167840810e-02  -9.4723564382346681e-01
  -3.2355945020581485e-02   1.9013859583873136e-01  -9.8122393325596202e-01
  -2.8934452054577164e-01   1.5234809083213904e-01  -9.4502370745391340e-01
   2.0798610569690987e-01   1.5664595163831507e-01  -9.6550703035884744e-01
   4.3739506237393266e-01   1.0998306984825260e-01  -8.9251850611494776e-01
  -1.7640469532670194e-01   3.7642067159154785e-01  -9.0949923664908128e-01
   8.7156273973445872e-02   3.8604018218999075e-01  -9.1835546584194971e-01
  -2.6415303474726665e-01  -5.7076761095605211e-01  -7.7746222320916014e-01
  -4.1329970093696139e-01  -6.6916845243640288e-01  -6.1757342840288054e-01
  -2.9785110173713847e-01  -8.2098457475100250e-01  -4.8710270910239084e-01
   1.8096504626753315e-03  -6.4333675242275445e-01  -7.6558118325057234e-01
  -1.5460461752596780e-01  -7.4824278644798548e-01  -6.4515900735260889e-01
   2.3351607458021939e-01  -6.8261574137335979e-01  -6.9246371207590640e-01
   7.9646601914464724e-02  -8.1499748372557290e-01  -5.7396473787547542e-01
   4.5010812354882518e-01  -6.7905626306857636e-01  -5.7990108527463202e-01
  -5.2427841182625967e-01  -2.2561250712107775e-01  -8.2111579178790406e-01
  -7.0863659254796951e-01  -4.5640144456201270e-01  -5.3808168627422270e-01
  -5.1384783332599338e-01  -4.6553722604916048e-01  -7.2057997151505326e-01
  -3.2297723488454766e-01  -3.6554100611656121e-01  -8.7296361813859336e-01
  -6.8637159887537866e-02  -4.5557673513472829e-01  -8.8754649381683326e-01
   1.8540535552011614e-01  -4.9502851074924636e-01  -8.4886490544128557e-01
   4.1745136028138413e-01  -5.1852515534646049e-01  -7.4623456437781743e-01
   3.6873912158662836e-01  -3.1914422917560120e-01  -8.7302830492225902e-01
   5.8786040974825726e-01  -3.6093655885213133e-01  -7.2397854880831447e-01
  -6.7056749704684249e-01  -3.7189578723621011e-02  -7.4091576251196911e-01
  -6.9530601422497829e-01  -2.7535774502868859e-01  -6.6387322497242651e-01
  -4.9737735736256755e-01   4.8681107346276412e-02  -8.6616737076073758e-01
   5.2682598150476634e-01  -1.3806557813384776e-01  -8.3868485222168276e-01
   7.1675874116972804e-01  -1.7221334714263931e-01  -6.7572144410453316e-01
   7.9860263356940464e-01   1.8390155627750173e-02  -6.0157762244950430e-01
   8.8138836923582220e-01  -1.4661942199164565e-01  -4.4906267677313549e-01
  -6.2497228736627986e-01   2.3225051920549947e-01  -7.4529815265632859e-01
  -7.7440536464089382e-01   1.4221754905828529e-01  -6.1649858065956520e-01
  -4.3079829598237535e-01   3.0605616908392774e-01  -8.4896551728815928e-01
   6.3389418394448527e-01   6.4104263380673723e-02  -7.7075859189358142e-01
   7.4529189554092468e-01   2.3845377729813597e-01  -6.2263937117184165e-01
   9.0127557324736840e-01   1.0288661007377815e-01  -4.2085233340823219e-01
  -7.5829933758736012e-01   3.6893399569690249e-01  -5.3746611189328852e-01
  -3.4002409008768536e-01   5.0810687004914412e-01  -7.9133496496041666e-01
  -5.7133182089863488e-01   4.5795640207059107e-01  -6.8106966180502360e-01
  -5.4837648633653986e-02   5.6991877784223433e-01  -8.1986914745899908e-01
   2.2350442943133825e-01   5.4545947620080304e-01  -8.0778693344675823e-01
   3.4091652653762095e-01   3.4406452911006191e-01  -8.7486885973944395e-01
   8.3221745150568316e-01   3.3836328341382366e-01  -4.3923160387977811e-01
   5.5961318488878609e-01   3.0521515383231285e-01  -7.7050424604264645e-01
  -4.5858283875397482e-01   6.5355113838523926e-01  -6.0214009127088008e-01
  -6.4294692118778973e-02   7.8376224878937384e-01  -6.1772399171310721e-01
  -2.3208754467913337e-01   6.7207458136863707e-01  -7.0317218992433317e-01
   1.1058811144211778e-01   7.0544797613967314e-01  -7.0008101143232349e-01
   4.5519096026450401e-01   5.2376555960219817e-01  -7.2004918461732526e-01
   3.2911068767981411e-01   7.1099312138057358e-01  -6.2142975194661298e-01
  -6.8274375336256493e-02   9.0483472379514174e-01  -4.2025317641513854e-01
   1.5707143323084147e-01   8.5630250364423133e-01  -4.9201075914600750e-01
  -6.0057819732803375e-01  -6.2311907014196000e-01  -5.0102739777344374e-01
  -7.9820452550602927e-01  -5.1950536027774241e-01  -3.0493231397211373e-01
  -4.7910126058199393e-01  -7.9823715544430462e-01  -3.6507454824587443e-01
  -2.9924918403298911e-01  -9.1813480034544281e-01  -2.5976607601883661e-01
  -9.0123807326474750e-02  -8.9746525200682115e-01  -4.3177982907184703e-01
   3.1364336120863956e-01  -8.2079875773497424e-01  -4.7740678804398023e-01
   3.8152870662689548e-01  -8.8667720112850090e-01  -2.6122669660380460e-01
   6.2648187066258054e-01  -5.4227884264693682e-01  -5.5986973712517474e-01
   5.6268980035214877e-01  -7.3490217017318993e-01  -3.7854852906119552e-01
  -8.4919466766667295e-01  -3.0465472565733898e-01  -4.3133967420252506e-01
   7.7530239367904652e-01  -3.4859624555754154e-01  -5.2667528510338024e-01
   7.6623845112618172e-01  -5.2917767101698310e-01  -3.6448542976748971e-01
   9.0134198693562817e-01  -3.2050518090979663e-01  -2.9130576993412355e-01
  -8.2633442401571222e-01  -1.0079772138429081e-01  -5.5408594915442144e-01
   9.7180554394286278e-01  -6.8065062740566493e-02  -2.2574572420322697e-01
  -8.9022830781337470e-01   1.1617101607733332e-01  -4.4045187590847573e-01
   9.5259389279486295e-01   1.9778399647711906e-01  -2.3118470136985289e-01
  -6.5820872411812903e-01   5.8821433419499625e-01  -4.6985654464136395e-01
  -8.8330083868960230e-01   3.1722993429316937e-01  -3.4517357540605098e-01
   6.5979583382615770e-01   4.6550868642430976e-01  -5.8989076999827594e-01
   8.6827467505205802e-01   4.3343865336759524e-01  -2.4130897710223823e-01
  -8.0379865521043536e-01   5.1670333171708527e-01  -2.9483111924347366e-01
  -2.9125982461731237e-01   8.1164327728170993e-01  -5.0636242456100322e-01
  -5.0703154546047513e-01   7.7212311974445680e-01  -3.8307296937274155e-01
   5.3814962032597102e-01   6.6743903305595531e-01  -5.1470391808917137e-01
   5.9406011229453404e-01   7.5169732518975441e-01  -2.8643273954486131e-01
   7.2770270855414443e-01   5.7355197673643976e-01  -3.7614744176278053e-01
  -3.0696450525897795e-01   9.0516528032222598e-01  -2.9402144107241046e-01
  -8.0321877766783470e-02   9.7300817184628241e-01  -2.1634115066804407e-01
   1.5693739432509049e-01   9.5275273410011174e-01  -2.6006322678766552e-01
   3.7547167831600031e-01   8.3364883543217183e-01  -4.0503165057208745e-01
  -6.8619324764382678e-02  -9.7485755597681911e-01  -2.1200031562189486e-01
  -2.7475277544821403e-01  -9.6081119455288810e-01  -3.6779896755636657e-02
  -3.1624187458425268e-02  -9.9944782300775603e-01   1.0196070451478904e-02
   1.4211420053893953e-01  -9.2770014721210969e-01  -3.4521875798949303e-01
   1.7296004955491792e-01  -9.7863159636331809e-01  -1.1119811085330582e-01
   3.6261647220806542e-01  -9.3182247287770137e-01  -1.4702827056822668e-02
  -7.1434560758360299e-01  -6.9365469256013612e-01  -9.2485244311274056e-02
  -6.5322502946597671e-01  -7.0151925224579581e-01  -2.8489963076085817e-01
  -5.0445105304174243e-01  -8.5669187484826670e-01  -1.0774120221177592e-01
   5.6344058313711820e-01  -8.1736456682165981e-01  -1.2020762945231303e-01
   7.4904388635067076e-01  -6.6187878376897291e-01   2.9150161529373109e-02
   7.1118825569619959e-01  -6.7256669248814216e-01  -2.0461013932686184e-01
   8.5955788417368939e-01  -4.9749770553690575e-01  -1.1686007333715213e-01
  -8.6736681545347982e-01  -4.9353689220034958e-01  -6.4001120984788648e-02
   9.5405342344387678e-01  -2.9514904950253396e-01  -5.1663369932375774e-02
  -9.4055245926658981e-01  -9.5099360839537656e-02  -3.2606315789349971e-01
  -9.9306093229697312e-01  -8.2290034420824845e-02  -8.4013897543716659e-02
  -9.3000124474972667e-01  -3.0859088935379819e-01  -1.9967310227416959e-01
   9.9640249100798128e-01  -8.4354138965607034e-02   8.1520029723231163e-03
  -9.6956414687639592e-01   1.2901708232007486e-01  -2.0808641849352288e-01
  -9.8609438045555398e-01   1.6496754486091866e-01   2.0089349828654689e-02
   9.9057391824617658e-01   1.3575052618201150e-01  -1.8305931599461794e-02
  -9.2370912239894998e-01   3.6755621748921480e-01  -1.0799946380414455e-01
  -8.1577423964659546e-01   5.7654984418866329e-01  -4.5854848108427965e-02
   9.2500448360988619e-01   3.7785932267522976e-01  -3.9862734088674627e-02
  -6.7534054406184574e-01   7.0250085415500896e-01  -2.2451659060686990e-01
  -6.5505900555263363e-01   7.5532136243825265e-01   1.9680921950367771e-02
   5.9767378879143040e-01   7.9887201155067777e-01  -6.7746227589957700e-02
   7.7847423531709548e-01   6.1584885683592039e-01  -1.2127675161115360e-01
  -4.9457156134279340e-01   8.5774695321157923e-01  -1.4024669324873382e-01
  -2.7209706732150329e-01   9.6052564501067317e-01  -5.7910890442710597e-02
  -1.3361351730764321e-02   9.9977495230953128e-01  -1.6477834032454064e-02
   2.0848171207274652e-01   9.7792723098526346e-01  -1.3917852877204099e-02
   3.8974967480942102e-01   9.0067660196679644e-01  -1.9203345972901567e-01
  -3.9651399706267410e-01  -9.0581571917210868e-01   1.4924655116315788e-01
  -1.5075496942364539e-01  -9.6942080229410144e-01   1.9363947756988134e-01
   1.3869515559279191e-01  -9.7672259569464748e-01   1.6363564671122705e-01
   3.5928454150422245e-01  -9.1070517340229906e-01   2.0379083731706130e-01
  -7.6736113336462308e-01  -6.3039943780816021e-01   1.1727506048822432e-01
  -5.9736517393064748e-01  -7.9365178012578130e-01   1.1520286835832566e-01
  -5.0660079478842868e-01  -7.8854429793808978e-01   3.4864527088296710e-01
   5.6492025973506921e-01  -8.1760549365607538e-01   1.1129401099909687e-01
   6.9613026985491699e-01  -6.7262245451129032e-01   2.5096151314280757e-01
   8.7427091183550509e-01  -4.6394674750178277e-01   1.4284182931071482e-01
  -8.6605644260484715e-01  -4.5713199917880276e-01   2.0242671155118866e-01
   9.5235203281106151e-01  -2.2958949092032019e-01   2.0078414095636898e-01
  -9.8621672868323229e-01  -4.9580287451480826e-02   1.5785550089107533e-01
  -9.5755224172595588e-01  -2.8335756679318724e-01   5.2935750742205148e-02
   9.7446884681761559e-01   2.8248804927652742e-02   2.2273857232663122e-01
  -9.5053253000037197e-01   1.9610478050390828e-01   2.4089587890747716e-01
   9.4386137843289386e-01   2.7201894844879893e-01   1.8743369490987252e-01
  -9.0442567701326593e-01   4.0446661329163236e-01   1.3572381328084132e-01
  -7.7271116850974730e-01   6.0281618342102739e-01   1.9882177714226176e-01
   8.5284806451797845e-01   5.0835723586224701e-01   1.1926063723808412e-01
  -5.8513460272146922e-01   7.7252347979333780e-01   2.4662718801052874e-01
   5.3873523342568275e-01   8.1345368538377694e-01   2.1922009488485850e-01
   7.0619823360771938e-01   7.0138679419101635e-01   9.6646881914451796e-02
  -4.3912627566989676e-01   8.9260845897301289e-01   1.0206984366652544e-01
  -1.8900881076199669e-01   9.6767588485893774e-01   1.6697021086651226e-01
   5.4934121874864968e-02   9.7524227054149959e-01   2.1420727345937143e-01
   2.9372419932367666e-01   9.2809909191757767e-01   2.2881907768678880e-01
   4.2793643424970318e-01   9.0288370081224090e-01   4.0883138935769579e-02
  -4.7465430902605358e-03  -9.3042766281259592e-01   3.6644485888300116e-01
   2.4803040522206229e-01  -8.8274701714888637e-01   3.9904714232797522e-01
  -6.9165788365302383e-01  -6.4323123205007871e-01   3.2842495961171714e-01
  -5.8306720973153447e-01  -6.0560523378491637e-01   5.4154864024222193e-01
  -2.7567620781893820e-01  -8.8420895452972048e-01   3.7706385821506205e-01
  -1.3807225486615607e-01  -8.1732073661361582e-01   5.5939508930410875e-01
   1.0216134045769219e-01  -8.2225773322856011e-01   5.5987077139436181e-01
   4.9391206307866065e-01  -7.9214741317208182e-01   3.5854337220224891e-01
   6.0138715936626308e-01  -6.3140203557526398e-01   4.8955587425828112e-01
   7.8291167351510371e-01  -5.0897605788958145e-01   3.5776065178965838e-01
  -9.1761562064831204e-01  -2.5510137133878108e-01   3.0480299060751759e-01
  -7.8157945184186994e-01  -4.4968330678742607e-01   4.3234070367626470e-01
   7.0750932491396068e-01  -4.1635630136203727e-01   5.7103238566294656e-01
   8.6499719208627301e-01  -3.0936451681250016e-01   3.9506132868230925e-01
  -9.2089063759686607e-01  -3.4450545192467145e-02   3.8829575522065563e-01
  -8.0047809297226991e-01   7.4977409021316872e-03   5.9931511457065934e-01
   9.0133142713246495e-01  -7.7899233215092567e-02   4.2606732792817470e-01
  -8.7851882496855671e-01   1.9195814840745445e-01   4.3744341741058118e-01
  -7.5882374549065412e-01   2.4993978836590008e-01   6.0142881995390274e-01
   8.9300693969568179e-01   1.7027957748487743e-01   4.1658549080221763e-01
  -8.2516106820796320e-01   4.1656705501188779e-01   3.8155091428617482e-01
   8.3894931859896305e-01   4.0547650465346979e-01   3.6297774724677051e-01
  -4.7666560545491249e-01   7.5136418928820858e-01   4.5633513521487129e-01
  -6.7046984234518148e-01   6.1082954076340423e-01   4.2113829395626806e-01
  -4.7535944021964827e-01   6.1605951425835082e-01   6.2809559581788788e-01
   5.6831619181201820e-01   7.0611908253566658e-01   4.2238909479681630e-01
   7.2982187000439624e-01   6.1227544163513137e-01   3.0410330750222181e-01
  -3.4325526973903642e-01   8.7898299990546613e-01   3.3100559764688081e-01
  -1.1332733146793224e-01   9.0745894204616140e-01   4.0456789843340135e-01
   1.4155227840069959e-01   8.9286021225078205e-01   4.2750858922255502e-01
   3.7326733664175793e-01   8.2173861906327328e-01   4.3060090261906470e-01
  -3.9069103414811834e-01  -7.3678872679477769e-01   5.5181780317819051e-01
  -2.6005998948093567e-01  -6.5456017125320898e-01   7.0987307603553007e-01
  -3.4251786920486867e-02  -6.6826542222313234e-01   7.4313399905649069e-01
   1.7636826681601958e-01  -6.8425098625164871e-01   7.0759792415888234e-01
   3.1720483365015861e-01  -5.5704275456212804e-01   7.6751837964886027e-01
   3.7308532564525582e-01  -7.3316607299058989e-01   5.6857264197614232e-01
  -8.1568927011644876e-01  -2.2918287967437390e-01   5.3115555375149437e-01
  -6.5538690668684441e-01  -4.0392163074633480e-01   6.3821259683484088e-01
  -4.3372508249471131e-01  -5.1859666997861220e-01   7.3684465574641334e-01
   5.1159251170650411e-01  -5.2591882822316394e-01   6.7947221288747695e-01
   7.6895278068589612e-01  -1.9013551728731759e-01   6.1037701967006608e-01
   5.8191353781344013e-01  -3.0334754857303436e-01   7.5455741947460608e-01
  -6.6936738336162227e-01  -1.6517214881486464e-01   7.2433795106117094e-01
  -5.1184158024008164e-01  -2.9815819864123183e-01   8.0567976598668012e-01
   7.8625569202890688e-01   5.5206230709946076e-02   6.1543014131820439e-01
   6.2889147110990384e-01  -5.7069274495497264e-02   7.7539577989164898e-01
  -6.3336785622270075e-01   5.3729275756495366e-02   7.7198337004791939e-01
   7.5528881675379722e-01   2.9653410047121853e-01   5.8447098349222948e-01
   6.1822288582888540e-01   1.9122949051047949e-01   7.6238556216425524e-01
  -6.5855769684360943e-01   4.6300629949920674e-01   5.9323429313559717e-01
  -6.0098881828966377e-01   2.7319700117893553e-01   7.5111639499988958e-01
  -4.5811011590620321e-01   4.2237756255822062e-01   7.8213318325703429e-01
   6.7643590561915767e-01   5.1218123035596830e-01   5.2924932957939264e-01
   5.5732429427820851e-01   4.2074136987880811e-01   7.1579768837276980e-01
  -2.6214817623586917e-01   7.7605359891155978e-01   5.7360190490672514e-01
  -2.8505804425067521e-01   5.7325325967793561e-01   7.6819438404390950e-01
   5.2112462167335696e-03   8.0404811357646655e-01   5.9454139802623840e-01
  -1.0288961101336452e-01   6.7306647433336031e-01   7.3239009351163298e-01
   2.4522165030074672e-01   7.4364917852182399e-01   6.2197447014133511e-01
   1.1508403382066040e-01   6.2023955453537527e-01   7.7592432630336083e-01
   4.6405549924426592e-01   6.3771014531599168e-01   6.1479936904831956e-01
   3.3480419146278584e-01   5.3311252112729102e-01   7.7697953203173498e-01
  -1.6554214286456054e-01  -4.9042093762262517e-01   8.5561854986737784e-01
   9.5533656892750937e-02  -4.8161909697999267e-01   8.7115806018476039e-01
  -3.1473278523205761e-01  -3.2919595166885812e-01   8.9026585877753750e-01
  -5.6250710136552959e-02  -2.8763181079564404e-01   9.5608775696980464e-01
   1.6994991037717094e-01  -2.5336404865475914e-01   9.5232541014721461e-01
   3.5386749282037938e-01  -3.7116010467345645e-01   8.5849750973652084e-01
  -4.5098462149495655e-01  -7.7739425756477659e-02   8.8913972628496585e-01
  -2.2743997524152137e-01  -1.2736212345254061e-01   9.6542733914665790e-01
   4.7623493246297605e-03  -2.7621289100207065e-02   9.9960711502937638e-01
   2.4078871086010162e-01  -4.3697160409533378e-02   9.6959339668464839e-01
   4.3052550224572395e-01  -1.5885994116507843e-01   8.8848821658426902e-01
  -4.3252124064508302e-01   1.6825617506500290e-01   8.8578509580108278e-01
  -2.2940848173515052e-01   9.4196602895560547e-02   9.6876145077666520e-01
  -3.2432283055645481e-02   2.3216206727769167e-01   9.7213626695702859e-01
   1.9928987199423906e-01   1.7390247609284082e-01   9.6438658002343580e-01
   4.4252813031788563e-01   8.3542670322999404e-02   8.9285467804825835e-01
  -2.5961041970174764e-01   3.4230146675240641e-01   9.0301281045256143e-01
  -6.7541973219559404e-02   4.7083341187047389e-01   8.7963286666655260e-01
   1.6001848642460587e-01   4.0181087693611689e-01   9.0163302023506597e-01
   3.9529014679672336e-01   3.0993924163437692e-01   8.6468686027979647e-01
