  -1.7884739232365558e-02  -2.6306080206142163e-01  -9.6461347208163739e-01
  -1.7142124599042083e-01  -5.0347037846533904e-01  -8.4683666337202235e-01
   1.2170362250550044e-01  -5.7786016627049641e-01  -8.0701044386480703e-01
   2.8777790850722140e-01  -3.0147283771516503e-01  -9.0900935280951600e-01
   4.1030886924562049e-01  -5.9015630573337585e-01  -6.9524252359986904e-01
   5.6786963491873887e-01  -3.0094322512984928e-01  -7.6613135491618078e-01
  -2.0993019134332819e-01   9.0709991826729182e-03  -9.7767429736921163e-01
  -5.4322433083253097e-01   3.3355110409489873e-02  -8.3892476599580712e-01
  -3.7573539050001975e-01  -2.5486305502062157e-01  -8.9099255861727222e-01
   1.1959655385829268e-01   3.6847780548989774e-02  -9.9213855150066310e-01
   4.0668020892534762e-01   1.2671564719091736e-02  -9.1348269776499069e-01
   6.6037687949029178e-01   8.5226321702405860e-03  -7.5088597122036815e-01
  -3.5253537727727619e-01   2.7960944436114515e-01  -8.9304947589258477e-01
  -5.8845547053108882e-01   3.7682808292233411e-01  -7.1534659789721045e-01
  -4.6366993901945062e-02   3.2833100655741920e-01  -9.4342400436362073e-01
   2.7029041151065492e-01   3.4959558486003678e-01  -8.9706522644218556e-01
   5.5310082102001223e-01   3.1032760796079040e-01  -7.7315991717388100e-01
  -2.7578624810222740e-01   5.6327910966999939e-01  -7.7888291159009870e-01
   5.3441436455529137e-02   6.0897181363216579e-01  -7.9138950149159826e-01
   3.8799005920794694e-01   6.1256782015259081e-01  -6.8863951358407904e-01
   1.5855317010961006e-01  -8.1324864999248136e-01  -5.5989956736329027e-01
  -1.5487860996780337e-01  -7.5212404874981553e-01  -6.4056383871291556e-01
  -1.2540174913985913e-01  -9.2479578083587399e-01  -3.5920351482248902e-01
   4.6265067159965173e-01  -7.8089662543108207e-01  -4.1970801333634250e-01
   1.9892656242203990e-01  -9.4654640837848758e-01  -2.5392542123374651e-01
   4.9665036785341338e-01  -8.6397240023938460e-01  -8.3006648743735464e-02
  -4.4440856816833813e-01  -5.4700551803752284e-01  -7.0942652034940779e-01
  -6.7671124564634777e-01  -5.2239833156715187e-01  -5.1880812753042360e-01
  -4.3230554986336328e-01  -7.7854008214654735e-01  -4.5495851684365946e-01
   6.8348598357223145e-01  -5.0865056371392936e-01  -5.2356615082891012e-01
   7.1318841307526204e-01  -6.6056038895251312e-01  -2.3456824167413176e-01
   8.8749410734989209e-01  -3.4681334491468990e-01  -3.0343815384407824e-01
  -7.7194077049892773e-01   1.0010089454692495e-01  -6.2776369579040425e-01
  -8.5661495096082918e-01  -1.8187715319851452e-01  -4.8283695688584177e-01
  -6.5463893588445821e-01  -2.5095285449470961e-01  -7.1307119451357814e-01
   8.1444450488537801e-01  -1.7731382477014077e-01  -5.5248525410855576e-01
   9.5646355689497486e-01  -1.0068671153809170e-02  -2.9167805229912253e-01
  -7.8422814310337152e-01   4.0939217196046085e-01  -4.6624485959861717e-01
  -9.3623569048233923e-01   1.1274533963908780e-01  -3.3279305920755647e-01
   8.1645615833252638e-01   1.8677710704282838e-01  -5.4636403048297788e-01
   9.0682414982737447e-01   3.1682711349150661e-01  -2.7801176494259994e-01
  -9.0790660246618837e-01   3.8663130637945209e-01  -1.6193157235579705e-01
  -5.1157690899155095e-01   6.5522975884779577e-01  -5.5584442905088982e-01
  -6.9026102696278480e-01   6.6628309132228036e-01  -2.8214633946643303e-01
  -1.8778673466559731e-01   7.9706493443585125e-01  -5.7395438196463378e-01
   1.4895748426899125e-01   8.1324650074912963e-01  -5.6253159635663941e-01
   4.8982627488499303e-01   7.7575560717509073e-01  -3.9783596917410280e-01
   6.7463895771915428e-01   4.9270733473842288e-01  -5.4963784351386569e-01
  -4.1337028774201479e-01   8.6048117770379540e-01  -2.9782066420846831e-01
  -1.0187289271755025e-01   9.4911084772271037e-01  -2.9801092675342744e-01
   2.1024524015388324e-01   9.3054247509805521e-01  -2.9981267656825511e-01
  -6.6872990452891345e-01  -7.0792365890884568e-01  -2.2725406035066248e-01
  -6.4766124011017234e-01  -7.5699453116618454e-01   8.6569035130594843e-02
  -4.0269952170693246e-01  -9.0461367502510515e-01  -1.3966815733939208e-01
  -8.8657762348152758e-02  -9.9542892503611979e-01  -3.5511355604277879e-02
   2.2469931756712103e-01  -9.7140144394743710e-01   7.6742761102949225e-02
   7.2569734928897922e-01  -6.7756301596859869e-01   1.1946429017277807e-01
  -8.5225948961620324e-01  -4.3112013011589606e-01  -2.9629241598120848e-01
  -9.7395525992042598e-01  -1.7054171876231028e-01  -1.4942112914488492e-01
  -8.6859276737170954e-01  -4.9545830393784934e-01  -8.2263921973675692e-03
   8.8408100774605791e-01  -4.6639422344749770e-01  -2.9617563666181655e-02
   9.8661005802872326e-01  -1.6309676441565807e-01   1.9706268696912033e-04
  -9.9375555738529509e-01   1.0985733907837081e-01   1.9525808983528778e-02
   9.8651977301366078e-01   1.6228313424378854e-01   2.1045707236578781e-02
  -9.0270977675954611e-01   3.8452708905513006e-01   1.9301289264066912e-01
   8.7832043854033159e-01   4.7776694157007188e-01   1.7086742963449926e-02
  -7.8480896420245017e-01   6.1960193013794107e-01   1.2974508731171007e-02
  -5.5208111092799284e-01   8.3368208429561741e-01   1.3439839323012551e-02
   6.6447349861421801e-01   7.4441514930683461e-01  -6.5734732994544381e-02
   7.5509450763479002e-01   5.8801930058369567e-01  -2.8994066062012641e-01
  -2.6007504542495125e-01   9.6548401156555030e-01   1.4198385770996736e-02
   6.4224609701982835e-02   9.9791683244842377e-01   6.0987723955296339e-03
   3.9090227938046429e-01   9.1805751577532213e-01  -6.6074243874610611e-02
  -5.4608593286153495e-01  -7.3711203243546242e-01   3.9806532826862601e-01
  -3.5699795173483728e-01  -9.1464913871855713e-01   1.8965604524647373e-01
  -6.0434847001517689e-02  -9.5122954357694123e-01   3.0250617298545701e-01
   2.3079530069855853e-01  -8.9128194678255224e-01   3.9032040750512348e-01
   5.0230871360662455e-01  -8.2367877216011354e-01   2.6313349563988558e-01
  -9.6238757333879710e-01  -2.0859592994790421e-01   1.7406291015673173e-01
  -8.1110816820340326e-01  -5.1174397661577709e-01   2.8323425264468027e-01
   6.8938571065877219e-01  -5.7288119052364861e-01   4.4334465541349038e-01
   8.8754043825602569e-01  -3.7401319646033437e-01   2.6904664899200131e-01
  -9.3054538003337717e-01   9.4475295231269477e-02   3.5377918860427904e-01
   9.4952444623910526e-01  -3.5720704578049732e-02   3.1165262273686739e-01
  -7.7833922470195405e-01   3.9090526069287651e-01   4.9130553472660499e-01
   8.9730041765049329e-01   3.0468394730139292e-01   3.1940515453118840e-01
  -6.8504303475000949e-01   6.6017467740408187e-01   3.0803479650019033e-01
  -5.1093147296350305e-01   6.3702933566203113e-01   5.7718511366920799e-01
   5.2601694965397539e-01   8.2469446430456950e-01   2.0781051278057650e-01
   7.4464503113814318e-01   6.1023817148341108e-01   2.7039443719473383e-01
  -4.0627427709567659e-01   8.5503600768426191e-01   3.2226485587749759e-01
  -8.3331982127254234e-02   9.4456523541325299e-01   3.1757250637208650e-01
   2.4319786975602611e-01   9.3033415566154809e-01   2.7446885971935919e-01
  -2.5491361016988279e-01  -8.0766425462082403e-01   5.3169305351673135e-01
   5.9047771765383152e-02  -7.8212831119729842e-01   6.2031336070828369e-01
   4.1338156173821006e-01  -6.9883552635411683e-01   5.8373332226303720e-01
  -8.5215324272591109e-01  -2.0955212642168330e-01   4.7950261440774800e-01
  -6.7864114885265736e-01  -4.8675617575659291e-01   5.5001328751836720e-01
  -4.2538904664795246e-01  -5.7229717129382274e-01   7.0108494971796043e-01
  -1.2281947532258419e-01  -5.8518535007862160e-01   8.0154443578309875e-01
   2.2326170890164745e-01  -5.4871591874561443e-01   8.0564573470817324e-01
   8.0037399830319933e-01  -2.4393265756033819e-01   5.4762973021531713e-01
   5.5324299991585146e-01  -4.2280747466189145e-01   7.1774370245523100e-01
  -7.6230969990740416e-01   7.2854393999865028e-02   6.4309887163794321e-01
  -6.2670222955592536e-01  -2.5232652192568816e-01   7.3727582477829656e-01
   8.0687099405749951e-01   1.1695326527425547e-01   5.7903465586297354e-01
   6.2986307996229085e-01  -9.2967840335632074e-02   7.7112222193615010e-01
  -5.8117990680614506e-01   3.4781030667491075e-01   7.3570232193157115e-01
  -5.1689210561286469e-01   5.0265870610243053e-03   8.5603579631789761e-01
   6.9214500884131280e-01   4.6508708279616978e-01   5.5193232569963491e-01
   5.7841585926289740e-01   2.7417184288572866e-01   7.6828698695331765e-01
  -1.8968167246520837e-01   7.8596198614704837e-01   5.8845953086222369e-01
  -2.7619683421172286e-01   5.4369303310169015e-01   7.9253592633274783e-01
   1.5183787481752484e-01   8.1016323255081124e-01   5.6619854856200214e-01
   4.7934429676724677e-02   6.0381469204629390e-01   7.9568216526487912e-01
   4.7473947331956373e-01   7.3076037061191723e-01   4.9052187842684097e-01
   3.8537128495763473e-01   5.6746355448252228e-01   7.2764970079301428e-01
  -3.3572168618879622e-01  -3.1357554223212908e-01   8.8823495131433416e-01
   4.6456132563246783e-03  -3.1530109839779091e-01   9.4898031361383850e-01
   3.3460093633721782e-01  -2.5799478954051774e-01   9.0635583628738281e-01
  -1.9935137954248980e-01  -3.3458971150608662e-02   9.7935668922208774e-01
   1.0846691769923830e-01   9.5761712139732155e-03   9.9405393450743273e-01
   4.0110207794486896e-01   5.7140698158376725e-02   9.1424945375005917e-01
  -3.3757510414422082e-01   2.5356932467143573e-01   9.0650187349375644e-01
  -4.4828756517082215e-02   3.0753302334380261e-01   9.5048083733558364e-01
   2.5734820693516630e-01   3.4044286462344997e-01   9.0436196089521259e-01
