   2.0889164868672386e-01  -3.3331360036679603e-01  -9.1938366470123134e-01
  -2.5528020443639443e-01  -6.5603164464563712e-01  -7.1024960291889860e-01
  -6.4929008574672126e-02  -9.4830406954531843e-01  -3.1065031068598326e-01
   2.1523485636756215e-01  -7.1353205204412284e-01  -6.6674280446821310e-01
  -2.7330961297680550e-01  -2.4262525155700906e-01  -9.3082481851386345e-01
  -8.7536111964406949e-01   1.2385067672606012e-01  -4.6733705191219116e-01
  -6.8772277413462823e-01  -3.3968993111254259e-01  -6.4159811146645940e-01
   3.6188714192576688e-02   1.4170103980144594e-01  -9.8924779114450234e-01
   6.5196494640767544e-01  -4.0908135035204357e-01  -6.3843101228698584e-01
   5.2817140772508797e-01   5.9358271304676483e-02  -8.4706054074630310e-01
   8.9277906021612197e-01   2.4576342863733960e-02  -4.4982391333838884e-01
  -5.3066076714337440e-01   1.4109264417935585e-01  -8.3575834783344105e-01
  -1.9654177796263309e-01   5.1929900471562274e-01  -8.3168496031649541e-01
  -5.7223153784809988e-01   5.8691254679639060e-01  -5.7278680982104790e-01
   2.8688345545791810e-01   5.5671253342101334e-01  -7.7959543233428574e-01
   6.9274664664357732e-01   4.4440283607162256e-01  -5.6798609389277954e-01
  -6.6765973969746803e-02   8.6273271590246914e-01  -5.0123304523087919e-01
   4.3426164494081088e-01   8.3025820668652828e-01  -3.4941112455525969e-01
  -5.7025066099119881e-01  -7.4781650534892952e-01  -3.3997743743786168e-01
  -9.2763674513710981e-01  -3.1142148523432350e-01  -2.0617159747617200e-01
  -3.3178706882694137e-01  -9.3583502533546792e-01   1.1887029197655122e-01
   1.8935039506300680e-01  -9.7357172545356496e-01   1.2768916667772412e-01
   6.4992377866774720e-01  -7.5374988808202759e-01   9.7263498490277100e-02
   4.8273453378535863e-01  -8.1664506789914149e-01  -3.1631977960133806e-01
   8.8343006689850512e-01  -4.2567551368019185e-01  -1.9583583418978109e-01
  -9.8700146513755460e-01   1.4166092348591536e-01   7.5896578140507445e-02
   9.9855274082923584e-01   4.2977174190096418e-02   3.2332433886966730e-02
  -8.3146785977873239e-01   5.2494824205703239e-01  -1.8190805731524240e-01
  -7.4472766113919664e-01   6.1320969029024652e-01   2.6335258963655878e-01
   8.4450034469235047e-01   5.1867094664315405e-01  -1.3341520499101947e-01
  -4.5391363495315129e-01   8.7351558798367779e-01  -1.7587759821292503e-01
   5.2337840686578430e-02   9.9842009289322720e-01  -2.0446724416048567e-02
   5.0608197416024137e-01   8.5014004607145466e-01   1.4540611230514952e-01
  -7.4774609982707563e-01  -6.5698133897968669e-01   9.6183628678975897e-02
  -5.4050629639024184e-01  -6.5001467501788124e-01   5.3416651507175417e-01
  -7.4486965870371846e-02  -8.2700537069720592e-01   5.5723765913064682e-01
   4.5323498457474748e-01  -7.2250475247250356e-01   5.2207751475444208e-01
   8.5776069182840353e-01  -3.8992698142019266e-01   3.3496797565527842e-01
  -9.0808899754159389e-01  -2.5807373237632159e-01   3.2980649053840294e-01
  -6.6409593875658968e-01  -1.9322557939904123e-01   7.2224681348754238e-01
   8.5472869531407636e-01   5.4029396068607745e-02   5.1625544236081267e-01
  -7.8733099693914776e-01   2.4315431419380995e-01   5.6655615851188634e-01
   8.1288659692135745e-01   4.6973599290659995e-01   3.4433047717805226e-01
  -3.5363353130083242e-01   8.9167988933447084e-01   2.8257795472430058e-01
   6.0164280711126568e-02   8.6502993064003175e-01   4.9809986792149896e-01
   4.5855919756583624e-01   6.4841534898868636e-01   6.0768494923245919e-01
  -2.6289106972619536e-01  -3.8598734944670249e-01   8.8425225559527176e-01
   1.7074655016762047e-01  -5.0294703090102777e-01   8.4728383657054196e-01
  -3.6192046844188464e-01   1.5094126856228812e-01   9.1990777144647162e-01
   1.2083337471283206e-01  -1.9040681470220599e-02   9.9249017526858063e-01
   5.7569415333158880e-01  -2.6992409822958197e-01   7.7182719763867624e-01
  -4.0870537441064392e-01   6.0127018824983169e-01   6.8661057204930021e-01
   4.3232335346763379e-02   4.8365093982295398e-01   8.7419261812762883e-01
   5.1785876433660039e-01   2.3801195903238126e-01   8.2168887515734168e-01
