  -1.6916729313834974e-01  -5.9185102671801111e-02  -4.5909726885890750e-01
  -5.7678377975393436e-02  -1.2162783756414978e-01  -4.7809729172843918e-01
   3.9584683703085530e-02  -2.6670010059052632e-02  -4.9720310369790183e-01
   6.2158595438989120e-02  -1.3762090509949251e-01  -4.5745064461201818e-01
   1.4943357845584659e-01  -4.3616151289969395e-02  -4.6002339010766741e-01
  -1.5743425846793037e-02   9.2515658189602834e-02  -4.7743377767298245e-01
  -1.4431453359103000e-01   7.5985698211433070e-02  -4.7134348314153618e-01
   2.1280933672076247e-01   5.3510941655110417e-02  -4.3424423845432625e-01
  -8.4502772442564350e-02   1.8031601394167579e-01  -4.3567553794295727e-01
   4.2224286153390786e-02   1.8702354576179595e-01  -4.4491249230822499e-01
  -1.2919934047392087e-01  -2.7916695963742499e-01  -3.8026292812045975e-01
  -2.0728852375606230e-01  -3.3561830869242282e-01  -3.0974106706274723e-01
  -1.5189941687128292e-01  -4.1868933263133773e-01  -2.4841478806629330e-01
   9.1242928729594298e-04  -3.2437177685119728e-01  -3.8600767744750436e-01
   1.1382659169749620e-01  -3.3273868763426040e-01  -3.3753904509528576e-01
   3.8823452449708827e-02  -3.9726767825345871e-01  -2.7977710848792564e-01
   2.2808104757402051e-01  -3.4409481036334105e-01  -2.9385040350879055e-01
  -2.5420284953242916e-01  -1.0939100688823659e-01  -3.9812810080100025e-01
  -3.8074342637006581e-01  -2.4521996865361362e-01  -2.8910596031033636e-01
  -2.4020161756266739e-01  -2.1761849356972526e-01  -3.3683993924414979e-01
  -1.5797072184089614e-01  -1.7878899913425661e-01  -4.2697342015843992e-01
   8.9315409988313180e-02  -2.3847034487497071e-01  -4.0892413424780710e-01
   2.0460256340255750e-01  -2.5414117079134585e-01  -3.6574682497594024e-01
   1.7650048854131617e-01  -1.5276141730251266e-01  -4.1788330196241702e-01
   2.8812398669776301e-01  -1.7690335661423578e-01  -3.5483864338783488e-01
  -3.3140469280062618e-01  -1.8379659870722966e-02  -3.6617187438110016e-01
  -3.5336563769333601e-01  -1.3994120925466824e-01  -3.3739099384681598e-01
  -2.4581149347322129e-01   2.4058941666793926e-02  -4.2807315213626645e-01
   3.6488475836925721e-01  -8.7669712103209840e-02  -3.4399366332111075e-01
   4.0654955718480923e-01   9.3619944811233792e-03  -3.0624882648870549e-01
   4.2888397587491167e-01  -7.1345068856870267e-02  -2.1851409294048957e-01
  -3.2140188276471809e-01   1.1943849770121252e-01  -3.8328137045636862e-01
  -4.0361650905612911e-01   7.4123123979874625e-02  -3.2131621907669317e-01
  -2.1382351922514578e-01   1.5190870390434935e-01  -4.2137770705930983e-01
   3.0841367913404183e-01   3.1189171958653471e-02  -3.7500343206223180e-01
   4.6164818958126574e-01   5.2700215156248412e-02  -2.1556749699455496e-01
  -3.6955580918152148e-01   1.7979930498728541e-01  -2.6193312906716187e-01
  -1.7572388099189790e-01   2.6258876835487754e-01  -4.0896057441179845e-01
  -2.7514788403839668e-01   2.2054738466433171e-01  -3.2799656741548960e-01
  -2.6692359147410562e-02   2.7740924298845293e-01  -3.9907315924946613e-01
   1.1271016162851973e-01   2.7506758702582634e-01  -4.0735566053393957e-01
   1.6255029403949051e-01   1.6405127903920272e-01  -4.1714080147162119e-01
   2.6462614144337093e-01   1.4432810618669542e-01  -3.6435090101937206e-01
  -2.2084906743132315e-01   3.1474391048566669e-01  -2.8998485649626121e-01
  -3.3886885742632850e-02   4.1308638279772991e-01  -3.2557495958783689e-01
  -1.1994244520349000e-01   3.4732701076625655e-01  -3.6339819338986940e-01
   5.8286091911119324e-02   3.7181040706046942e-01  -3.6898172390480599e-01
   2.1467823079188139e-01   2.4701954416352861e-01  -3.3959130749641925e-01
   1.6171203860208111e-01   3.4935401542655453e-01  -3.0534611900494313e-01
   7.6309758085440688e-02   4.1601611769270108e-01  -2.3903283792691893e-01
  -3.2268473583405827e-01  -3.3479572138980107e-01  -2.6919707469924425e-01
  -3.9077432382433497e-01  -2.5433251208050400e-01  -1.4928469712067000e-01
  -2.4795187582429792e-01  -4.1311600629024192e-01  -1.8893901031787724e-01
  -1.4876108407269759e-01  -4.5641805116888284e-01  -1.2913346064475020e-01
  -4.4826007802978234e-02  -4.4638348350420820e-01  -2.1475972304910659e-01
   1.5893093713969147e-01  -4.1591927256779626e-01  -2.4191397208123461e-01
   3.1536453267601205e-01  -2.7297758511563075e-01  -2.8183266324780742e-01
   2.7266948140541625e-01  -3.5612055458542197e-01  -1.8343790549441166e-01
  -4.1671172156502784e-01  -1.4949835387500049e-01  -2.1166442773983946e-01
   3.7440151887219603e-01  -1.6834071595200553e-01  -2.5433691989937834e-01
   3.8844688720463083e-01  -2.6826821016065372e-01  -1.8477699062657263e-01
   4.3859341944764246e-01  -1.5595797320911320e-01  -1.4174953160840606e-01
  -3.9808276053657293e-01  -4.8558843536051118e-02  -2.6692833156091222e-01
  -4.6398288768043255e-01   6.0547787000784496e-02  -2.2956148802759357e-01
   4.8793427280329843e-01   1.0130822787798680e-01  -1.1841661028078927e-01
  -3.1748313956218710e-01   2.8372173827562697e-01  -2.2663256153425212e-01
  -4.4930850867117950e-01   1.6136529379027548e-01  -1.7557939892968094e-01
   3.1254517071217569e-01   2.2051139166647499e-01  -2.7943115860573847e-01
   4.4694359895743246e-01   2.2311215119789865e-01  -1.2421357797316916e-01
  -4.0886816404788118e-01   2.6283142261959563e-01  -1.4997170438799884e-01
  -2.4252947558522264e-01   3.6933127878328270e-01  -1.8323610763367057e-01
   2.5950888970382113e-01   3.2185540219676645e-01  -2.4820280048106169e-01
   2.9934848795494956e-01   3.7878233330591532e-01  -1.4433424568233882e-01
   3.4965490322097847e-01   2.7558681085035014e-01  -1.8073561680082664e-01
  -1.5072284583942314e-01   4.4444581025599400e-01  -1.4436766493529476e-01
  -4.1845960748089238e-02   5.0691612224964455e-01  -1.1270904089397114e-01
   7.4932883205640927e-02   4.5491083434012880e-01  -1.2417238859861954e-01
  -3.4288581590175560e-02  -4.8712925047290573e-01  -1.0593502209083457e-01
  -1.3658356509468172e-01  -4.7763309097469053e-01  -1.8283815187569614e-02
  -1.6075445884104568e-02  -5.0804673541400436e-01   5.1829380622377850e-03
   6.7979483771318572e-02  -4.4375991962371303e-01  -1.6513337386451973e-01
   8.8677657999487569e-02  -5.0175032672001207e-01  -5.7011946973778670e-02
   1.8591566264205386e-01  -4.7775103980432398e-01  -7.5382354248626363e-03
  -3.8387740294135814e-01  -3.7275844959689730e-01  -4.9700023622590336e-02
  -2.3563690083652133e-01  -4.0017404975138227e-01  -5.0327589466571600e-02
   2.8418660244240795e-01  -4.1226006906080298e-01  -6.0629991184626128e-02
   3.7242920175907024e-01  -3.2909019144084650e-01   1.4493636547836836e-02
   3.6053902488300460e-01  -3.4095971905333555e-01  -1.0372773103373167e-01
   4.2193677273826530e-01  -2.4420993774052197e-01  -5.7363867379451206e-02
  -4.1942254780621485e-01  -2.3865392982828759e-01  -3.0948280500081110e-02
   4.8156447162650451e-01  -1.4897833863018886e-01  -2.6077411129477163e-02
  -4.7130745469405722e-01  -3.9054915776530953e-02  -3.9873063501317044e-02
  -4.4970995098584071e-01  -1.4922173024395063e-01  -9.6553616676949908e-02
   5.0503173684392122e-01  -4.2755325876758996e-02   4.1318767959372775e-03
  -4.7742920982801734e-01   6.3530122281979851e-02  -1.0246515136326710e-01
  -4.9388379923978099e-01   8.2623722828124677e-02   1.0061710390075211e-02
   5.0207751810294743e-01   6.8805843818482454e-02  -9.2784582791973561e-03
  -4.3951641399341063e-01   1.7488946035540098e-01  -5.1387972968660538e-02
   4.7614522317302355e-01   1.9450275090967520e-01  -2.0519306900603742e-02
  -3.2771530626288359e-01   3.4089510273937063e-01  -1.0894877159587887e-01
  -3.1645745924304070e-01   3.6489396798533774e-01   9.5078120985944183e-03
   3.0470990861311309e-01   4.0728608923675930e-01  -3.4538816496414534e-02
   3.7827978718514088e-01   2.9925612163834553e-01  -5.8931354943592279e-02
  -2.3267948467645999e-01   4.0354143528833325e-01  -6.5981407461965416e-02
  -1.3077804755095160e-01   4.6165754187256991e-01  -2.7833721000350618e-02
   1.0530734618904659e-01   4.9396621371580363e-01  -7.0301195172429998e-03
   1.9639268503674054e-01   4.5384591507065247e-01  -9.6764596284209137e-02
  -1.9671777158929751e-01  -4.4939157270234592e-01   7.4043915978351499e-02
  -7.6632891371089931e-02  -4.9278317751388734e-01   9.8432253620774859e-02
   6.8539907307700293e-02  -4.8267351954205256e-01   8.0864907912229222e-02
   1.8330769445254333e-01  -4.6464359211743739e-01   1.0397449488627890e-01
  -3.9466082121664570e-01  -3.2422017273321707e-01   6.0315629583233922e-02
  -2.4613079024349449e-01  -3.8311237641752482e-01   1.6938847300389515e-01
   2.7823701278847685e-01  -4.0269067074883802e-01   5.4815024385516255e-02
   3.6123019557950281e-01  -3.4903171940593453e-01   1.3022688055202669e-01
   4.2268491196683328e-01  -2.2430493838786508e-01   6.9059928538009616e-02
  -4.4542072942483873e-01  -2.3510715972244869e-01   1.0410989782092986e-01
   4.7466931448339184e-01  -1.1443152262501319e-01   1.0007440817079918e-01
  -4.7379507474746085e-01  -2.3819205392234942e-02   7.5836422802774417e-02
   4.6712733985251742e-01   1.3541517997025292e-02   1.0677332306006135e-01
  -4.9979509384308474e-01   1.0311294181949736e-01   1.2666433895528145e-01
   4.4791558372409152e-01   1.2908837263185532e-01   8.8947886649338323e-02
  -4.3716320497895794e-01   1.9550299046047828e-01   6.5603464267792927e-02
  -3.6601973223838363e-01   2.8554344920385588e-01   9.4178386618759005e-02
   4.3700979152270364e-01   2.6048847727159152e-01   6.1110614705048097e-02
  -2.8354833189927442e-01   3.7435444608009627e-01   1.1951220926256270e-01
   3.6003853732916496e-01   3.5758554316445995e-01   4.9273141807387288e-02
  -2.1221168218602385e-01   4.3136099515722309e-01   4.9326163238408494e-02
  -9.0843332082578221e-02   4.6509419425223952e-01   8.0250910177965332e-02
   2.6250332541851180e-02   4.6602048751881053e-01   1.0235915300326608e-01
   1.4432471577180703e-01   4.5603201259449105e-01   1.1243284927634180e-01
   2.1371873740650318e-01   4.5091549830342736e-01   2.0417730066083252e-02
  -2.3511614705937216e-03  -4.6087893324379386e-01   1.8151514666901780e-01
  -3.4757277731396619e-01  -3.2323736142103610e-01   1.6504050385293917e-01
  -2.8585674828363844e-01  -2.9690633476905892e-01   2.6550170720577260e-01
  -1.3332535136771623e-01  -4.2763018165540673e-01   1.8235947649568238e-01
  -6.6717312242155546e-02  -3.9493410399062800e-01   2.7030291699004122e-01
   5.2772312204755867e-02  -4.2474432394494477e-01   2.8920606378235414e-01
   2.4179550952027173e-01  -3.8779716169102735e-01   1.7552552325053347e-01
   2.9441016484782501e-01  -3.0910400608079724e-01   2.3966296129350695e-01
  -4.5091797730338418e-01  -1.2535727751300102e-01   1.4978074369025685e-01
  -3.7838174624267568e-01  -2.1770270740792491e-01   2.0930672426779159e-01
   3.4219759282677514e-01  -2.0137704439411630e-01   2.7618846948466108e-01
   4.4198506854036729e-01  -1.5807507713970856e-01   2.0186332599652443e-01
  -4.4824490510151166e-01  -1.6768852053472342e-02   1.8900353895650698e-01
  -3.7931851022698820e-01   3.5529120566570567e-03   2.8399442691927052e-01
   4.3767394489267164e-01  -3.7826786257269700e-02   2.0689234212299268e-01
  -3.9689882552371725e-01   1.3072971655360210e-01   3.1457423730570777e-01
   4.2007552857315511e-01   8.0100476319284103e-02   1.9596417944203889e-01
  -3.9929590957209593e-01   2.0157703436328922e-01   1.8463269863442222e-01
   4.0172074333800262e-01   1.9415752945665551e-01   1.7380750102835599e-01
  -2.4382936671785677e-01   3.8434626676800460e-01   2.3342968736885480e-01
  -3.3445102425269296e-01   3.0470060928152437e-01   2.1007676568807596e-01
  -2.4316121420755740e-01   3.1513368725614677e-01   3.2129052258653906e-01
   3.7064903055314319e-01   3.1095162861995479e-01   1.5444261322115629e-01
  -1.7327566227140795e-01   4.4371162280727700e-01   1.6709199541326419e-01
  -5.3955796167098766e-02   4.3204642233057300e-01   1.9261709666787966e-01
   6.9374689634447484e-02   4.3759027890443258e-01   2.0952171032729600e-01
   1.8635581992743830e-01   4.1025760739150807e-01   2.1497990717753593e-01
  -1.9851637667594643e-01  -3.7437415331847118e-01   2.8038746808970716e-01
  -1.3214066576250613e-01  -3.3259254114085551e-01   3.6069790156645654e-01
   9.5636037598406110e-02  -3.7103645535805502e-01   3.8369636075770719e-01
   1.7200496108210669e-01  -3.0205756832898367e-01   4.1618839044923389e-01
   1.7622441279698078e-01  -3.4630620713577920e-01   2.6856157561555244e-01
  -3.8728715880349701e-01  -1.0881544564665978e-01   2.5219127225360927e-01
  -3.1945097905968517e-01  -1.9688090009854159e-01   3.1107979452176915e-01
  -2.1955387420250755e-01  -2.6251631187984786e-01   3.7299455254272990e-01
   2.6402886476492404e-01  -2.7142257121129237e-01   3.5067025458290441e-01
   2.7534921867769185e-01  -1.4353767405528131e-01   3.5704066550104996e-01
  -3.3941664630658497e-01  -8.3753975008531253e-02   3.6729061196991425e-01
  -2.6332230991562938e-01  -1.5339063598689842e-01   4.1449048095484781e-01
   3.7196052286405107e-01   2.6116871702414418e-02   2.9114664874088630e-01
   2.9441026551020572e-01  -2.6716499501952200e-02   3.6299502583746635e-01
  -3.2002621780082469e-01   2.7148165462815135e-02   3.9006543970551377e-01
   3.6695524775503108e-01   1.4407038575831124e-01   2.8396381713511692e-01
  -3.2850889065687316e-01   2.3096181490515549e-01   2.9592355348888399e-01
  -3.1645864081529618e-01   1.4385551193886609e-01   3.9551031804456577e-01
  -2.4122398751486690e-01   2.2240851566342382e-01   4.1184263931259857e-01
   3.2864472490141844e-01   2.4884199955096364e-01   2.5713448553952845e-01
   2.6815666352426082e-01   2.0243976076038428e-01   3.4440614779408357e-01
  -1.2385303008331403e-01   3.6664982370139465e-01   2.7100066126432465e-01
  -1.4925551123137260e-01   3.0015363034327874e-01   4.0222419224342509e-01
  -5.3872675269281432e-02   3.5241551206908961e-01   3.8347716587056280e-01
   1.1906987730152968e-01   3.6108645302177567e-01   3.0200605129338265e-01
   5.7189946823490052e-02   3.0822237046256074e-01   3.8558848428216014e-01
   2.3005555932793229e-01   3.1614485748532362e-01   3.0478683940777562e-01
   1.6453031477959904e-01   2.6198350135677428e-01   3.8182522511474631e-01
  -8.3754543323351915e-02  -2.4812400634322562e-01   4.3289240130608686e-01
   4.4134054714617364e-02  -2.2249550443574834e-01   4.0245236440262483e-01
  -2.7925106489128441e-02  -1.4279194629029998e-01   4.7464023284373441e-01
   8.6084734578003350e-02  -1.2833650713288647e-01   4.8238142812346929e-01
   1.8561890004440768e-01  -1.9468962939782761e-01   4.5031930441461099e-01
  -2.1579993484654472e-01  -3.7198974781424921e-02   4.2546081198795144e-01
  -1.1533807499746275e-01  -6.4587160663719778e-02   4.8958204559791174e-01
   2.2981720898160355e-03  -1.3329222353677374e-02   4.8238083798694020e-01
   1.2211097180944376e-01  -2.2160108313882737e-02   4.9170910815445606e-01
  -2.1298751367275051e-01   8.2854797408858788e-02   4.3618934122336733e-01
  -1.1633632793583844e-01   4.7768452078632347e-02   4.9127281213758184e-01
  -1.5623870794179363e-02   1.1184129124803406e-01   4.6831498053164033e-01
   1.0106571682229103e-01   8.8191018919781566e-02   4.8906859615150949e-01
   2.1701413511411466e-01   4.0969005568258735e-02   4.3785257952204160e-01
  -1.2757162565444807e-01   1.6820571077402516e-01   4.4373723695223366e-01
  -3.3189887800899390e-02   2.3136584431051471e-01   4.3224842970599564e-01
   1.9384881466715562e-01   1.5199304529444943e-01   4.2403921522983423e-01
