  -1.9501537309504235e-01  -2.9630159778000642e-01  -5.0045430939011548e-01
  -8.9428272461130026e-02  -2.8456670196129863e-01  -5.2108825634259848e-01
  -4.6305733798352101e-02  -2.0124951498865748e-01  -5.6096589338136016e-01
   9.4076515616574995e-03  -2.9100085418524513e-01  -5.2510822697800119e-01
   5.6434254100828772e-02  -2.1021601708290355e-01  -5.7165477381352559e-01
   1.0924492937541259e-01  -2.8562631168929320e-01  -5.0717797382338459e-01
   1.5711054536527905e-01  -2.0155217354170490e-01  -5.3426522968815260e-01
   2.7731490370394868e-01  -2.2259618098476261e-01  -5.1112155919552538e-01
  -2.1253899635315243e-01  -1.2672463171955045e-01  -5.5531990744951165e-01
  -3.1747508799815893e-01  -1.4595274258265792e-01  -5.2177806472192301e-01
  -2.5539769016014335e-01  -2.2157538654144934e-01  -5.1522403696953689e-01
  -1.1174108122839223e-01  -1.1433065402106689e-01  -5.7686377524519550e-01
  -1.3224876562823383e-02  -1.1336199348174897e-01  -5.9875608888301746e-01
   8.7925548499156930e-02  -1.2498064333508395e-01  -6.1988983102824302e-01
   2.5359145609794986e-01  -1.4606683909481016e-01  -5.6711664892384017e-01
  -2.6384975737991861e-01  -4.3916081138655749e-02  -5.4595498918745222e-01
  -3.6144759615867816e-01  -6.3327730010403177e-02  -5.0959809268433642e-01
  -1.6550221266260579e-01  -2.4924149438368862e-02  -5.7286369281340555e-01
  -6.8111574709219011e-02  -1.6747277441102812e-02  -5.9267643744614518e-01
   3.5862362332271989e-02  -1.9701849612502195e-02  -5.8752765112432426e-01
   1.4329552718067345e-01  -1.6260027140688187e-02  -6.0497209980134459e-01
   2.4406483200850343e-01  -3.3065145451077180e-02  -5.4352648809175208e-01
   3.5867939102809643e-01  -3.1335161424131772e-02  -5.2075421811304556e-01
  -2.3703035928881630e-01   5.5290195096290393e-02  -5.6528994775628716e-01
  -3.3722112660185077e-01   3.2733133147201714e-02  -5.2132360161289104e-01
  -1.2656591906566317e-01   7.4767074233335479e-02  -5.6748681127030176e-01
  -1.9758740262003242e-02   7.2211183414336286e-02  -5.9404683163786953e-01
   8.6280562350514511e-02   7.2700834823799645e-02  -5.8869495034879904e-01
   2.8370352549172495e-01   5.6614027503973957e-02  -5.2424402468010878e-01
   3.8454994570278306e-01   5.7206152474420575e-02  -4.9100851749279428e-01
  -2.3759749892579274e-01   1.5731646296344731e-01  -5.7713016037621223e-01
  -3.2052090503752872e-01   1.2667166353105153e-01  -5.1748291374219568e-01
  -1.5377573202621292e-01   1.8902762038596072e-01  -5.9573640434720621e-01
  -5.6733534956049290e-02   1.6968989875694523e-01  -5.9687605129627785e-01
   4.5312070616772011e-02   1.6214895029603452e-01  -5.7527907245193144e-01
   3.5292502858272157e-01   1.4629911139832735e-01  -4.9626712870889411e-01
   2.4743433297077852e-01   1.4936475446232372e-01  -5.2719729578871921e-01
  -2.9397430693273252e-01   2.2780618597274252e-01  -5.0552734175539737e-01
  -2.1052950793879116e-01   2.6589045254388488e-01  -5.2806637216506824e-01
  -3.2043211083782799e-03   2.4969183862499367e-01  -5.4327469070894530e-01
  -1.0284288838712093e-01   2.6326324240242638e-01  -5.3736493286004472e-01
   9.8833814754462748e-02   2.3982169675775269e-01  -5.2722475140610348e-01
   1.5274877171002871e-01   3.1738867494051343e-01  -4.8249836486250103e-01
  -5.3512928003975432e-02   3.3918407035393439e-01  -4.9879689283802753e-01
   4.7701708410838407e-02   3.2419857534486018e-01  -4.9485443356680919e-01
  -2.1720579588749286e-01  -3.8114112489614305e-01  -4.2828003480217997e-01
  -2.9425256948721634e-01  -3.7888314821059277e-01  -3.6411540116646512e-01
  -2.0669550937479420e-01  -4.4071890552769261e-01  -3.4543352530291349e-01
  -1.3562770979488287e-01  -3.7547858355263763e-01  -4.8452317025382974e-01
  -4.2205777169174230e-02  -3.8578991890196923e-01  -4.9348410485430888e-01
  -3.8713962942449956e-03  -4.4493760602994414e-01  -4.2356469264620594e-01
   6.0161852110240326e-02  -3.7125256910088417e-01  -4.7295299090997928e-01
   9.5662007969608304e-02  -4.4168784790321719e-01  -3.9820797432462829e-01
   1.5630740086562883e-01  -3.6974036435537583e-01  -4.5165527028710573e-01
   1.9074705341790177e-01  -4.3295265939644179e-01  -3.7279558411680103e-01
   2.5136875816981391e-01  -3.5501932789136992e-01  -4.1676331075056056e-01
  -4.3053702420693835e-01  -2.3426585156216798e-01  -3.8987867607816407e-01
  -3.6431008525788600e-01  -3.0884125000979157e-01  -3.7859604985241396e-01
  -2.7755855357045800e-01  -2.9512454416003286e-01  -4.3395661453624729e-01
   3.1265167286970896e-01  -2.7918386139437368e-01  -4.3269149291299513e-01
   3.5155837035943427e-01  -3.4438762649467713e-01  -3.6312740771968921e-01
   4.4468904655645636e-01  -3.1564923403899425e-01  -3.2172945427708044e-01
  -3.9932909316141529e-01  -1.2869727539021353e-01  -4.3657097835590269e-01
   3.6525747261571018e-01  -1.8880781825479370e-01  -4.4871992087654855e-01
   4.1232678831536113e-01  -2.5254252860672943e-01  -3.8870417136590640e-01
   4.0851129117130169e-01  -9.6447580034061287e-02  -4.4073020920035111e-01
   4.4670218849828403e-01  -1.5784207811212347e-01  -3.6930905051592156e-01
  -4.2502164636098894e-01  -1.6662801741700459e-02  -4.5528032142438651e-01
  -4.7976351684273444e-01  -5.6199165925083831e-02  -3.8406633060179829e-01
   4.3533726596843181e-01  -2.6911914913005804e-03  -4.3019669800476285e-01
  -4.0020054092083363e-01   8.1078313756408074e-02  -4.4838976435145789e-01
  -4.6972714203959121e-01   4.6759945135083705e-02  -3.7483656979182817e-01
   4.3233527051885912e-01   1.0545601726473171e-01  -4.1606147208875804e-01
   4.8284795422713550e-01   4.7292817264227967e-02  -3.4816875795406643e-01
  -3.7607275521645400e-01   1.7597224110184287e-01  -4.4203011335888154e-01
  -4.5056396982956998e-01   1.4361338715923036e-01  -3.7376448709964294e-01
   3.1067140514973501e-01   2.3216163157751493e-01  -4.8346009367969933e-01
   4.7134789630289836e-01   1.5404831703858304e-01  -3.3723028015923362e-01
  -4.1991160474128236e-01   2.4074250638143391e-01  -3.6827431480644912e-01
  -2.6226128989121672e-01   3.2690811298811284e-01  -4.3993913771793691e-01
  -3.4832256194856254e-01   2.7463367102856506e-01  -4.3956161075199929e-01
  -1.5987674375575889e-01   3.3826449176610313e-01  -4.7632297050142325e-01
   2.6127874724767985e-01   3.1263817475162070e-01  -4.5900363380620529e-01
   3.0706958743407253e-01   3.6473160659262571e-01  -3.7787628569997822e-01
  -2.8769638785491325e-01   4.0092013176181895e-01  -3.5418723767637089e-01
  -9.9529332353460440e-02   4.0535120713717743e-01  -4.3007746971660921e-01
  -2.0341170860870209e-01   4.0487821055296008e-01  -4.0409388581599065e-01
  -7.5671415229103527e-04   4.0657554485710984e-01  -4.4031584922258371e-01
   9.9139812423025386e-02   3.9600959215142018e-01  -4.4463362213028929e-01
   1.4780787876616158e-01   4.5965662261693935e-01  -3.8388924193318019e-01
   2.0603951587058711e-01   3.8554308645451218e-01  -4.2236461573352407e-01
  -1.4403115070240863e-01   4.8607325184502675e-01  -3.7216243970595114e-01
  -4.9024395050076788e-02   4.9312201843970299e-01  -3.7945092197680114e-01
   4.8682456419400319e-02   4.7457668235016287e-01  -3.8092301477982643e-01
  -1.3893875649745907e-01  -5.1844522492593015e-01  -3.2099785781675622e-01
  -2.1670152167392520e-01  -5.0508369896855698e-01  -2.5764268519119549e-01
  -1.1808222638914256e-01  -5.5616893750491903e-01  -2.2298734938560583e-01
  -5.6377736734975606e-02  -5.0434447690673867e-01  -3.6549590698101825e-01
   4.0604305090367110e-02  -5.1719587989715177e-01  -3.4410373479790668e-01
   6.2894898187904502e-02  -5.5758871244211550e-01  -2.3996142691439462e-01
   1.3303656720540036e-01  -5.1895561729723338e-01  -3.2021087330198827e-01
   1.5642705632599305e-01  -5.4984385516729373e-01  -2.1364616332452468e-01
   2.2355193477643417e-01  -5.0127979399337885e-01  -2.9713942600887444e-01
  -3.6661948073037864e-01  -3.6579148511670412e-01  -2.8710055562472137e-01
  -4.5127398167921040e-01  -3.5313245417195543e-01  -2.1807349784504498e-01
  -2.9216569884345367e-01  -4.3807017427445211e-01  -2.8360293892070598e-01
   2.9556651389121658e-01  -4.2559065408462365e-01  -3.5091778499513582e-01
   3.1723604301233382e-01  -4.6768399801230170e-01  -2.6881826227951583e-01
   3.8286389351535982e-01  -3.9248951475300153e-01  -2.6859575746811104e-01
  -4.3939913823309740e-01  -2.9373678078233578e-01  -2.9977429614530843e-01
   4.8206275217354888e-01  -2.1975991755423252e-01  -2.9493906631344713e-01
   4.7902868131923815e-01  -3.3882059571004397e-01  -2.3795955033292301e-01
  -5.1809885904763298e-01  -1.0546874040847191e-01  -2.9387082768490413e-01
  -5.3198812139789542e-01  -1.6285571670981680e-01  -2.0901565011852843e-01
  -4.9064998362669182e-01  -2.1089323017108155e-01  -2.8983474900750650e-01
   5.1492512068646845e-01  -1.1932570075141581e-01  -2.9020908285470964e-01
  -5.1099913061743063e-01  -1.9994599397560441e-03  -2.9211661662528654e-01
  -5.6923638956802469e-01  -6.1040746620966750e-02  -2.2102018796322395e-01
   5.2815103848176959e-01  -1.1010169863928752e-02  -2.8106295133337378e-01
  -5.4833392052208085e-01   4.8153788614877568e-02  -2.1131136803728284e-01
   5.2347547461897304e-01   9.8602483224826440e-02  -2.6834699890451208e-01
  -4.8663928888851954e-01   2.0147774942071683e-01  -2.9400485629726703e-01
  -5.4252218258655271e-01   1.5448115490618558e-01  -2.1269368404640701e-01
   4.3453933588627319e-01   2.4619840785775665e-01  -3.3038911441195651e-01
   5.0050198262308865e-01   2.0323204774788525e-01  -2.5210914532726830e-01
  -5.0130536214084243e-01   2.5797484174691321e-01  -2.1445722358129282e-01
  -4.3923510796024701e-01   3.0112641485722941e-01  -2.9377555812925316e-01
   3.8525903842903492e-01   3.3126560003311634e-01  -3.1091607264884891e-01
   4.5866207496488198e-01   2.9338863451575781e-01  -2.4272762497253367e-01
  -3.7336487262625018e-01   3.8284368882066566e-01  -2.8085029192461097e-01
  -2.2368661405968379e-01   4.9163227820934008e-01  -3.2214756507184839e-01
  -3.0086513918623703e-01   4.5832150251600079e-01  -2.6601316394664559e-01
   1.8597166207942456e-01   5.0346370725759737e-01  -3.0688507538225773e-01
   2.6571402385784926e-01   4.8863208024361571e-01  -2.4773258699261216e-01
  -2.0793276796287460e-01   5.1892551399904141e-01  -2.2065884473275194e-01
  -1.1077059330105658e-01   5.1765917930428484e-01  -2.7503294271884632e-01
  -7.4456795769479514e-03   5.3450607376518477e-01  -2.9645014847458928e-01
   9.1657285669391006e-02   5.2590230252949333e-01  -3.0548400044189905e-01
   1.7598665718295181e-01   5.5013240253237339e-01  -2.2337587406075390e-01
  -3.0929167410873337e-01  -5.0839263791533740e-01  -2.0173798573145019e-01
  -2.0008549095358327e-01  -5.4378539957168326e-01  -1.6793886346685177e-01
  -1.0641492045409648e-01  -5.6938043631660040e-01  -1.2047448537813325e-01
  -1.6421923051800111e-02  -5.7225573321065060e-01  -1.7260310284547625e-01
   8.1173464812708596e-02  -5.6442984008259489e-01  -1.2873750979365001e-01
   2.0989976118976500e-01  -5.8748429909812128e-01  -1.2694843106772419e-01
   2.5372113368694116e-01  -5.1492707313342789e-01  -1.9898903722627390e-01
  -4.4804794016174398e-01  -4.1559015240644770e-01  -1.4119390030503753e-01
   3.6069657353298062e-01  -4.7344470308306646e-01  -1.8393831913182890e-01
   3.9361588374690992e-01  -4.5647694842313769e-01  -9.1556334301456571e-02
   4.3171631386858472e-01  -3.9647452788705384e-01  -1.6822076489040588e-01
   4.6852804960474093e-01  -3.8634956085946720e-01  -6.4046416546164275e-02
  -5.0144551981055852e-01  -2.6817883250143293e-01  -2.0484086378314886e-01
  -5.6177175557737047e-01  -2.2657773566491793e-01  -1.3060945242216673e-01
  -4.8667214248396179e-01  -3.1756053954176322e-01  -1.1167604912959761e-01
  -5.6460579242560061e-01  -1.1702706365825304e-01  -1.2430044144540753e-01
   5.5999971771376911e-01  -1.7021464802392430e-01  -2.1373140002941804e-01
   5.4796129152531980e-01  -2.2767678512299902e-01  -1.1385166044376707e-01
   5.6873968350231274e-01  -1.2508617058335347e-01  -1.1528046680563060e-01
  -6.1816860012820229e-01  -1.7007546826362609e-02  -1.4460182049562115e-01
   5.5886476083587644e-01  -6.5345552554009201e-02  -2.0362040719986496e-01
   5.8566959213432856e-01  -2.1392674241099672e-02  -1.1528445291727725e-01
   5.6165540846838446e-01   4.0747863127635689e-02  -1.9657560544658831e-01
   5.9094690899531332e-01   8.8371567574002663e-02  -1.1194850597477016e-01
  -5.9072781315711764e-01   1.6757529575494190e-01  -5.7994387214229233e-02
   5.2407861212895057e-01   2.5555571937593236e-01  -1.6074154499152821e-01
   5.4711754883702535e-01   1.4945367462207526e-01  -1.8063348410700630e-01
  -5.6134261431457166e-01   2.1661612047119547e-01  -1.3555854101661191e-01
  -4.4962264318183470e-01   3.4995041335222676e-01  -2.0629953916763577e-01
   4.8402150001808708e-01   3.4699696201231811e-01  -1.5690601692210848e-01
  -3.7641829866530929e-01   4.3006625262447140e-01  -1.9432751631268286e-01
  -4.4454090747750058e-01   3.9427355201818731e-01  -1.1881524474694709e-01
   3.4384292280822404e-01   4.6924289318029694e-01  -1.9172153804901143e-01
   4.1198623680925905e-01   4.3344190293184276e-01  -1.3254980079636414e-01
   4.8406674913264353e-01   3.9478896545170850e-01  -7.0957041122973574e-02
  -3.7542727174005858e-01   4.6885039381720467e-01  -1.0258197869189135e-01
  -1.2522656850462632e-01   5.6500080608292880e-01  -1.8511765372155825e-01
  -2.1795054705317005e-01   5.6566833536538297e-01  -1.1673906578722713e-01
  -2.7876343635495737e-02   5.7349479261129011e-01  -2.0967001330025778e-01
   7.7841207539802615e-02   5.7829053845205558e-01  -2.2162825633473471e-01
   2.5405504913629623e-01   5.2029672450385389e-01  -1.4979129200720565e-01
   1.7042740901618986e-01   5.8669317726189285e-01  -1.3413542069932038e-01
   3.2720517005322680e-01   4.9279953768880147e-01  -8.8178570818796598e-02
  -3.6635653482056454e-02   6.0541129819503037e-01  -1.1421480053335333e-01
   6.1779324058273848e-02   6.0683966281891566e-01  -1.3239044254599275e-01
  -3.1144822123980098e-01  -5.4889753593021662e-01  -2.4899888088308265e-02
  -2.0146992141642117e-01  -5.7298040204684852e-01  -6.8468602319010891e-02
  -1.0997148133000581e-01  -5.8495186040156399e-01  -2.0773505821562524e-02
  -1.4685477781179774e-02  -6.0048318003383327e-01  -7.6222968545269165e-02
   6.7051654337753661e-02  -6.1755870391030787e-01  -1.9660362618269603e-02
   2.4421300418026035e-01  -5.5118110809730658e-01  -1.2761897828922019e-02
   3.0566685705894603e-01  -5.3756816790613726e-01  -1.1430677412864879e-01
   3.4381585137186998e-01  -5.2576586140310844e-01  -2.8961626015982664e-02
  -4.6346120841062322e-01  -4.1987389703302364e-01  -4.8036326312155216e-02
  -3.7098309679212038e-01  -4.5645588523600955e-01   3.5215083553959848e-03
   4.0963280915413069e-01  -4.5263863239405189e-01   8.2719861645941042e-03
   5.2618418638262687e-01  -2.9305090239203246e-01  -2.9731045334863909e-02
  -5.2842976594337832e-01  -3.4688948519477608e-01  -1.5901933881415256e-03
   5.3732809451755437e-01  -3.2404474089554630e-01   6.9849933125038233e-02
  -5.8828462306187601e-01  -1.7176802509412217e-01  -3.1668249684102465e-02
   5.7321038213991748e-01  -1.8913602202696922e-01  -2.6794778549159740e-02
   5.8727122016036470e-01  -8.2555037167171288e-02  -2.6423039616412364e-02
  -6.0771621156097599e-01  -7.6973761012624820e-02  -3.6633099358682079e-02
   5.9629863418383933e-01   2.2194591744845352e-02  -2.6313313972685173e-02
   5.9336514642652838e-01   1.3010758510701859e-01  -2.3453181628205234e-02
  -6.4006712679198019e-01   9.2676790403904724e-02  -3.5451210773856496e-03
   5.7084682099354966e-01   2.4230226423109683e-01   6.4934167656984258e-03
   5.6361882249884943e-01   1.9974957751425476e-01  -8.9962573590843642e-02
  -5.0507368356950999e-01   3.0304831101804652e-01  -1.2112024222304087e-01
  -5.4504260821115724e-01   2.5607360703863991e-01  -2.8687511074799665e-02
   5.2631281573786648e-01   3.0417701243118522e-01  -5.6174405218448832e-02
  -4.2238353909415355e-01   4.3244207807222318e-01  -1.8841101584325757e-02
   4.0329519126782526e-01   4.5454411370037157e-01  -3.0508190520718580e-02
   4.8801492299251759e-01   3.9562118241201705e-01   2.3219569392414031e-02
  -3.0192388912164209e-01   5.3188242747475045e-01  -8.3989393117676642e-02
  -2.6320311081826919e-01   5.6967608823176019e-01  -1.4123602259961216e-03
  -1.7474157475037588e-01   6.0270909126299699e-01  -3.9808750041714115e-03
   1.9226771723313738e-01   6.0065510171953562e-01   2.5518794515669400e-02
   3.2513807047237436e-01   5.1101798391839615e-01   1.4282922884304588e-02
  -6.5767948697284487e-02   5.9928072583678182e-01  -6.6542972118275260e-03
   3.0773785087377839e-02   6.0151848337106451e-01  -2.7121025351298858e-02
   1.3400785771165571e-01   6.0917154681676988e-01  -4.9498938089824085e-02
  -3.1048090602667877e-01  -5.2948329966098040e-01   7.1324233947420601e-02
  -2.1417701113110740e-01  -5.7177677149889061e-01   2.8003012177172722e-02
  -1.2049738432834514e-01  -5.7507169371997535e-01   7.8883787603122757e-02
   6.4886703921968575e-02  -5.8390665643689066e-01   8.4018973427087112e-02
   1.5990917520252143e-01  -5.8277995269596516e-01   4.5919663317128864e-02
   2.4956239475780875e-01  -5.5195875375979564e-01   9.7857230322595967e-02
   3.3849917477296076e-01  -5.2338133821832422e-01   6.5645807830713832e-02
  -4.5468125386487496e-01  -4.0209157693242309e-01   5.4746550747681130e-02
  -3.7630872218483119e-01  -4.4858222388198155e-01   1.0497561133484201e-01
   4.0259861823222048e-01  -4.3953816924068956e-01   1.0599205806737462e-01
  -5.5943291040461118e-01  -2.3122372181244982e-01   5.0576424379961571e-02
  -5.1078448003218946e-01  -3.0863140109200671e-01   9.4110779559032159e-02
   5.1536807384812544e-01  -2.7689087314719019e-01   1.5904175825344283e-01
  -5.7085718178970923e-01  -1.2044514063008577e-01   6.6653477163677269e-02
   5.7508801218651961e-01  -2.3640982750275649e-01   6.4740332945322582e-02
   5.8137974071417053e-01  -1.3218614223384717e-01   6.5641832791793878e-02
  -6.1216245768591637e-01  -1.7408667463924485e-02   4.3208281017410248e-02
  -5.9382940215884994e-01   7.6623504216778646e-02   9.4136062025350131e-02
   5.9032733580159302e-01   6.7618180777915676e-02   6.4281596987515149e-02
  -5.8744188132027264e-01   1.7909691622140983e-01   4.4541492227180381e-02
   5.4676868323759931e-01   2.3841742531007723e-01   1.2451906282256033e-01
   5.9218812222771744e-01   1.7146981997695204e-01   6.7304833314839552e-02
  -5.6692687503492722e-01   2.6032528627378348e-01   9.7272361581425909e-02
   5.2514352318646029e-01   3.1465816342492336e-01   6.5109750790631360e-02
  -4.5475617992881340e-01   3.9329904536965060e-01   6.5434153317249791e-02
   4.0157591487750482e-01   4.5211144731911546e-01   6.7232269605077000e-02
   4.5155199976224658e-01   3.7188841473498818e-01   1.2330337003186662e-01
  -3.4555724067044624e-01   4.9522137405551997e-01   1.0362777357042323e-03
  -2.9285394913776508e-01   5.1120103294614205e-01   9.0252528314868075e-02
  -2.0260717888016058e-01   5.5407634898107361e-01   9.3650560688575274e-02
   1.6443791325984836e-01   5.6029190356452518e-01   1.2673348390105299e-01
   3.3296962746717373e-01   5.2270295444972437e-01   1.3119649893555141e-01
  -1.0700851781448478e-01   5.8125839609650043e-01   8.6652098582955500e-02
  -5.6284565726959432e-03   5.9510058739723670e-01   7.6544501788717967e-02
   9.1475947130289947e-02   5.9178015655815974e-01   5.5966841086255818e-02
  -3.0291443975074406e-01  -5.0060063953889578e-01   1.6581806372838734e-01
  -2.1547161242815982e-01  -5.4863000120231509e-01   1.2512884232195431e-01
  -1.2324141708390153e-01  -5.5233314167791381e-01   1.7660507652506380e-01
   5.9877456890505963e-02  -5.6675624632612109e-01   1.8325664322241098e-01
   1.5471347137246846e-01  -5.5978361941077326e-01   1.4405664853146199e-01
   2.4177775980148672e-01  -5.1805007729841468e-01   1.9841896975530049e-01
   3.2581699785956170e-01  -4.8411014225449001e-01   1.6025943906846180e-01
  -4.5293792736918914e-01  -3.7929275839669330e-01   1.4964649691058132e-01
  -3.6695158714251341e-01  -4.2276455348605135e-01   2.0117356193647068e-01
   3.1603891810470897e-01  -4.4806673099276234e-01   2.5548719772458506e-01
   3.9230297774782658e-01  -4.0798609130609070e-01   2.0674274270679149e-01
  -5.5506699959565398e-01  -2.1080498964721772e-01   1.4671100228684086e-01
  -4.9810061396632199e-01  -2.8485965733290985e-01   1.8887744643048132e-01
   4.4688529920124476e-01  -3.2155535782393913e-01   2.3025595036518956e-01
   5.4684666572733676e-01  -1.8097304288192609e-01   1.5551098196453139e-01
  -5.7904688486534284e-01  -1.2009737209088724e-01   1.7415009791195710e-01
   5.2884522679345203e-01  -1.2779822509166794e-01   2.3945048470380095e-01
  -5.9752186976026245e-01  -2.6253404555445604e-02   1.3853268345062222e-01
   5.7552506555634875e-01   2.3863665416474993e-02   1.5371989077369080e-01
   5.4651040326080769e-01  -2.0982612619465275e-02   2.3808391113943589e-01
  -5.6888907186124960e-01   7.3638337368443274e-02   1.8976653928883791e-01
   5.8019746013526707e-01   1.3135593104490634e-01   1.5511102924122788e-01
   5.5422925775927145e-01   8.8193247656416340e-02   2.3917778642822737e-01
  -5.5503664935008157e-01   1.6305017169645686e-01   1.4555183742587618e-01
  -4.8426724628593931e-01   3.2908086276359050e-01   1.4135329452634410e-01
  -5.1208753617720582e-01   2.5051034300606118e-01   1.9442390788779620e-01
  -4.4270330325112373e-01   3.3015458047300389e-01   2.3357812131492731e-01
   4.8620935557525047e-01   2.9770593822434910e-01   1.7993214456345799e-01
  -3.8290000752225911e-01   4.5918227569437853e-01   8.4819154929925894e-02
  -4.0687601809135238e-01   3.9489700189284654e-01   1.6175589260715087e-01
  -3.2703376164182152e-01   4.5807871289589769e-01   1.7313139546851980e-01
   4.3979504324465635e-01   4.1590032147981071e-01   2.3236371428950095e-01
  -2.3810187265769328e-01   5.0772697158004754e-01   1.7920721753369198e-01
  -1.4037788244483956e-01   5.4097264862681049e-01   1.7651971000444000e-01
  -1.8066980869929036e-01   5.0220220010282957e-01   2.6303238989268629e-01
  -4.0247870566884780e-02   5.6445933191005382e-01   1.6758720805501495e-01
  -7.6197733764223799e-02   5.2768808190290628e-01   2.5463377787020136e-01
   6.4262751530644063e-02   5.7512752130935763e-01   1.5355306236883426e-01
   1.3849050055078693e-01   5.4126603107006122e-01   2.2136414262969822e-01
   2.3887180371298483e-01   5.1811970090962145e-01   1.8336485362813093e-01
  -2.8718050018793717e-01  -4.5987567338991386e-01   2.5614110491912534e-01
  -2.1004646951919859e-01  -5.1243460292126153e-01   2.1938478192558844e-01
  -1.3060883489433708e-01  -5.3340033874549575e-01   2.8431983878073785e-01
  -3.6699354805091872e-02  -5.5175217905734164e-01   2.3115009603278514e-01
   5.0169331377545957e-02  -5.3571309595350680e-01   2.7808016417485559e-01
   1.4763515825098117e-01  -5.2977541237655212e-01   2.3873291538874980e-01
  -4.3061516858727722e-01  -3.5244180141274484e-01   2.4159312849076531e-01
  -3.6629613686732559e-01  -4.0396991200886145e-01   3.1325453750410981e-01
  -2.8654558824318310e-01  -4.2807587032111311e-01   3.5810392339690922e-01
  -2.0153638857657319e-01  -4.7252046606086051e-01   3.2037539595966685e-01
   2.2964662988050624e-01  -4.7706927764923351e-01   2.9254985068303968e-01
   2.9835194981919777e-01  -4.0247645946808230e-01   3.4600859063825223e-01
  -5.2169279579368921e-01  -1.9500480906875856e-01   2.5328475865109967e-01
  -4.7743584051800164e-01  -2.7612064049594259e-01   2.9057493751844682e-01
  -4.1291590086842345e-01  -3.3210680716733831e-01   3.5505814810412956e-01
   4.3788167357273139e-01  -2.8073925300689834e-01   3.2360361259644699e-01
   5.0659388013896911e-01  -2.3381371873436568e-01   2.4752054449147415e-01
  -5.5719438619091310e-01  -1.0318926906047632e-01   2.6792427311647604e-01
  -4.5807489917958177e-01  -2.1719041120165553e-01   3.6279071181671319e-01
   4.8520144400213189e-01  -1.7821086307486420e-01   3.2464307003718429e-01
  -5.7849230415569641e-01  -1.5087578244985933e-02   2.4086515579850376e-01
  -5.0007694794176771e-01  -1.2417297633167786e-01   3.4435893454540389e-01
   5.0782732659494512e-01  -6.7807863436336741e-02   3.1821135004320811e-01
  -5.2682357733496921e-01   7.2183533360550056e-02   2.8386283978123972e-01
   5.1127973995310927e-01   3.9691050633555769e-02   3.1710752858729663e-01
  -5.2291551745429676e-01   1.6263912307186223e-01   2.4174146257010226e-01
  -4.0725875993203531e-01   2.4148843159410804e-01   3.6960224966692001e-01
   4.9325637704225811e-01   1.4341385745569302e-01   3.0102416271866150e-01
  -4.6502064590289527e-01   2.4856454184167703e-01   2.8551447512119377e-01
   4.6587264489145275e-01   3.4254934430963679e-01   2.8163243650788228e-01
   4.9643260428210767e-01   2.5270515145077788e-01   2.9482562324620321e-01
   4.0152241384710691e-01   3.0271598873148248e-01   3.5208173874750576e-01
  -3.5859659591861448e-01   3.9525877848376817e-01   2.5037434713016171e-01
  -3.0011854848989972e-01   3.8128422525062344e-01   3.3323806810467582e-01
  -2.2080023143284389e-01   4.4790780333261049e-01   3.4579127532944465e-01
   3.0535896247677896e-01   4.5246231705662765e-01   2.3417280005758889e-01
   3.4932798410816723e-01   3.8239438813086640e-01   2.9671158895981331e-01
   2.6139756210653559e-01   4.1977580456772723e-01   3.2918522852425480e-01
  -1.1663860157098964e-01   4.8461079479774860e-01   3.3910863288009818e-01
  -6.0167864526897040e-03   5.0400263172172199e-01   3.2444118372386771e-01
   2.0774066187870277e-01   4.8421137612273168e-01   2.7438385782231944e-01
  -5.1671309298024229e-02  -5.2805124321995800e-01   3.4200622515522638e-01
   3.3145674025972405e-02  -5.0772428293054750e-01   3.7697317144338649e-01
  -3.0147211495334031e-01  -3.3991159416618855e-01   4.0503007317641310e-01
  -2.1111011248647144e-01  -4.0729636470377761e-01   4.1544653231422901e-01
  -1.2008780124724720e-01  -4.5194551269243532e-01   3.7468052986528710e-01
  -3.0278218899614032e-02  -4.3053122264675858e-01   4.1632229892605238e-01
   1.9767838561621043e-01  -4.2602147540503099e-01   3.7506151817283517e-01
   1.5846987719572841e-01  -3.9658068835322802e-01   4.7078842397789383e-01
   2.5943391592463788e-01  -3.5442365558735234e-01   4.2166455849747114e-01
  -3.8897008205717415e-01  -2.7519382547324689e-01   4.2406540984248392e-01
  -2.8303269682059473e-01  -2.5028164542756642e-01   4.5947530201106551e-01
  -2.0413190966476064e-01  -3.1163366647079760e-01   4.6376781316575705e-01
   1.9888369857712662e-01  -3.2268950322032275e-01   5.1024252554417715e-01
   3.3561783783070998e-01  -2.9413182347435307e-01   3.7850910253165998e-01
  -4.4360174705370231e-01  -1.3080483088090100e-01   4.2242246643104164e-01
  -3.8569847804923807e-01  -1.9267319011026895e-01   4.6718928483446759e-01
   3.5735461270558272e-01  -2.2772626148941749e-01   4.9335830331596908e-01
   4.5608059483224306e-01  -1.1125404735254803e-01   3.9149722505200585e-01
   3.9602482369814329e-01  -1.4096395037664028e-01   4.6552516353314238e-01
  -5.0064788784500769e-01  -2.2087708174940039e-02   3.2564331463215268e-01
   4.6018653020077610e-01  -3.7137843204570801e-03   3.8955625195708138e-01
   4.0651067999606183e-01  -4.5052765507923906e-02   4.6651243250715785e-01
  -4.8667591464891879e-01   6.7982404737723989e-02   3.7692581145246096e-01
  -4.2861740820053640e-01   5.7386512199868706e-02   4.5361591405382656e-01
   4.4784725062772224e-01   1.0073058118878866e-01   3.7917164676052195e-01
   3.9435111306398057e-01   5.4939301487540469e-02   4.5267103452133345e-01
  -3.3480035426622856e-01   2.1406324580870253e-01   4.4107231008839637e-01
  -2.7099225519336023e-01   1.7386258921378861e-01   5.1362211456042783e-01
   4.2506809384626215e-01   2.0092097632786943e-01   3.6091332920266206e-01
   3.7439989949575575e-01   1.5433710415339602e-01   4.3410969144050182e-01
  -3.8937925379391636e-01   3.2540419168961598e-01   3.1954137716877584e-01
  -3.2199775269911546e-01   3.0283109390347790e-01   3.9632047523170794e-01
  -2.4690478240689281e-01   2.6598024186267533e-01   4.6167989423144967e-01
  -2.3747150865639416e-01   3.5963847020955719e-01   4.1462177833222535e-01
   3.4574912107758510e-01   2.4969910365263337e-01   4.1915881053991361e-01
   2.5390632401575630e-01   2.8325806624388761e-01   4.5323184896970981e-01
  -1.6047764609133197e-01   4.3163097134677303e-01   4.2575422456061712e-01
  -9.0851645021352137e-02   4.0093777711190237e-01   4.8322761237000422e-01
  -4.5832083353425215e-02   4.4999765714861073e-01   3.9855786690555711e-01
   1.9299544270311400e-02   3.8959757840222176e-01   4.4904735231977649e-01
   6.1661795082586929e-02   4.5130856706396272e-01   3.8097198290317585e-01
   1.6286529454204346e-01   4.3784340154418561e-01   3.5695731475671483e-01
   2.1473991397228601e-01   3.6869467487960050e-01   4.1147533787006163e-01
  -1.3252240656108377e-01  -4.0005180629922871e-01   4.8083686140982856e-01
  -5.0820132004160502e-02  -3.7472401573168512e-01   5.1556466739061824e-01
   4.4593106310987229e-02  -3.8072660941557068e-01   4.7603499577655300e-01
  -2.0706771623719453e-01  -2.2198403533694530e-01   5.1987823302266123e-01
  -1.1139732117460016e-01  -2.7180383574730038e-01   5.0498858912548261e-01
   9.4059793974427819e-02  -3.0626725243716102e-01   5.1665075027454777e-01
   1.7719386693268135e-01  -2.3605286335613954e-01   5.4842369823019066e-01
  -3.7319743737436739e-01  -8.4136309303027082e-02   4.8791275269507295e-01
  -2.9557340211321176e-01  -1.5608610947698948e-01   5.0980258017806912e-01
  -2.2645091435247350e-01  -1.2423686856083931e-01   5.7797024463841140e-01
  -1.2702792943424135e-01  -1.8301106758656094e-01   5.6387819126426408e-01
  -3.2919392144518000e-02  -2.1280742365786037e-01   5.8380105009799221e-01
   1.5331056744245591e-01  -1.3659640127787753e-01   5.6407167781834522e-01
   2.5680084465612329e-01  -1.7722930662933373e-01   5.4028033054125357e-01
   3.2083548295742037e-01  -1.0884068188329454e-01   5.2390654500404721e-01
  -3.6713450686548993e-01   1.0136180439902047e-02   5.0782183917996515e-01
  -2.8049945178302149e-01  -4.6404910209972762e-02   5.3433142658426125e-01
  -1.9563517539952263e-01   2.0927539151208933e-03   5.6753393728563140e-01
   2.2525784794620826e-01  -6.4101611453142082e-02   5.5566876805010845e-01
   3.3819796930002444e-01  -1.1045011185663338e-02   5.3162720559937482e-01
  -3.4551714817946622e-01   1.1720013571366326e-01   4.8410190459396701e-01
  -2.6811688660000099e-01   6.1553643794677745e-02   5.2568748011682920e-01
  -2.0348192758976227e-01   1.2870509919474094e-01   5.8708011390680714e-01
   2.6434299000429173e-01   3.1554283206992217e-02   5.7118691149511891e-01
   2.2616219751728622e-01   1.2743811729909305e-01   5.4076213602945422e-01
   3.1691271365109963e-01   9.6827071851702876e-02   4.9937901780092803e-01
  -1.0631678391580228e-01   2.7188421646717176e-01   5.5757661292601846e-01
  -8.4484370292605082e-02   1.6457565255047196e-01   5.6328172661631903e-01
  -2.7594485455676165e-03   2.4581443575049078e-01   5.6597042224748462e-01
   2.9500400315144160e-02   1.5992019999479873e-01   5.9523950159670580e-01
   9.9862297801729075e-02   2.3288573297127266e-01   5.4238444804116637e-01
   1.3170761810982415e-01   1.4095938120152435e-01   5.6797622585478535e-01
   1.9656451071138251e-01   2.2034486412428414e-01   5.2028761006962343e-01
  -1.6279519412971383e-01   3.2322833520746325e-01   4.8256605625880133e-01
  -4.1407799969223703e-02   3.4026755201799275e-01   5.3387020454405554e-01
   6.2545437562699729e-02   3.1672609843707455e-01   5.0414456325223456e-01
   1.6053723463884806e-01   3.0656818436547606e-01   4.8327036520244998e-01
  -1.4825865213399941e-01  -8.4028450528154011e-02   6.0969087708500158e-01
  -4.6535269981840433e-02  -1.1114019783612433e-01   5.9277801633054417e-01
   5.1097664170622080e-02  -1.2655173392309327e-01   5.9391784294477867e-01
   1.8672353344991271e-02  -2.5152154252464819e-02   5.9706188913850033e-01
   1.2203890704874579e-01  -4.4712529586791332e-02   5.9394519501046894e-01
  -1.3202466432258744e-01   7.6283873207517200e-02   6.1594089549408437e-01
  -2.6060229532272595e-02   7.8308898717718511e-02   6.0240480137873020e-01
   7.3949544440177872e-02   5.8494871982753514e-02   5.9674733468234420e-01
