  -6.5658460959222065e-02  -1.6873234278005450e-01  -1.8267728041885267e-01
  -1.5236176326454069e-02  -2.2252806230032640e-01  -7.2896880423604954e-02
   5.7674499256115591e-02  -1.9119859030465858e-01  -1.7866091218667846e-01
  -7.0295655246274402e-02  -6.2403591482306203e-02  -2.3940957685657194e-01
  -2.1135148727685948e-01   2.9903114029642935e-02  -1.1283615064103136e-01
  -1.6453409349714598e-01  -8.1269049336594290e-02  -1.5349900756050383e-01
   9.2658118179650417e-03   3.6281368042767062e-02  -2.5328864981187094e-01
   1.2473515252946199e-01   1.4018283686380688e-02  -2.0004535500711940e-01
   2.2342463557519177e-01   6.1504086231424747e-03  -1.1257180615105045e-01
  -1.3553187314278015e-01   3.6035354039944470e-02  -2.1345443565550859e-01
  -5.1541156466073296e-02   1.3618107761659837e-01  -2.1810123799317538e-01
  -1.5006212151410103e-01   1.5391205629628080e-01  -1.5020773153031913e-01
   7.3346823498842945e-02   1.4233341482927153e-01  -1.9931738238971464e-01
   1.7937452861130976e-01   1.1507027529294356e-01  -1.4706999402418436e-01
   1.0327032003030462e-01   1.9744094901344467e-01  -8.3092302685841002e-02
  -1.4279780927453345e-01  -1.8726248662054656e-01  -8.5134547711998076e-02
  -2.2458258869038716e-01  -7.5395723035463408e-02  -4.9914530343876135e-02
  -7.8727265645778921e-02  -2.2205728284718174e-01   2.8205837600172048e-02
   4.4263227197740840e-02  -2.2758563016733635e-01   2.9849071980687550e-02
   1.7515373961493524e-01  -2.0313476586239632e-01   2.6212397004658439e-02
   1.3009640658256488e-01  -2.2008492407304703e-01  -8.5247823115510657e-02
  -2.4684014709867708e-01   3.5428110689445763e-02   1.8981047243574224e-02
   2.4126096885910731e-01   1.0383735128110472e-02   7.8118518562460340e-03
  -2.1754928652838179e-01   1.3735000564456723e-01  -4.7595310092117232e-02
  -1.9485418011701339e-01   1.6044316537300229e-01   6.8904852508022779e-02
   2.1866850973930640e-01   1.3430071250604309e-01  -3.4545525898431517e-02
  -1.1653306439939209e-01   2.2425729671080341e-01  -4.5152987962240709e-02
   1.2295793779868593e-02   2.3456029535740541e-01  -4.8035851664687476e-03
  -1.8724486576078614e-01  -1.6451624903105622e-01   2.4085562769661562e-02
  -1.3366678021626749e-01  -1.6074811573129283e-01   1.3209894645325515e-01
  -1.7773196315479717e-02  -1.9733019198497548e-01   1.3296142749093781e-01
   1.1649562776299360e-01  -1.8570641421655409e-01   1.3419031370200585e-01
   2.1480534766325465e-01  -9.7647755082071408e-02   8.3884599746645472e-02
  -2.3491070994564744e-01  -6.6760287018126419e-02   8.5316602946770154e-02
  -1.7179295288846402e-01  -4.9984942047958530e-02   1.8683580454408066e-01
  -1.9722848665163262e-01   6.0910791254693397e-02   1.4192380582137371e-01
   2.1835300539284597e-01   1.2617782593594384e-01   9.2492104807829045e-02
  -9.1321989451337848e-02   2.3026658164349068e-01   7.2972665157962330e-02
   1.5567829770088450e-02   2.2383123947651618e-01   1.2888606473094388e-01
   1.1865471291727925e-01   1.6778103480706497e-01   1.5724183015646653e-01
  -7.0823017857501114e-02  -1.0398523298603607e-01   2.3821810616040984e-01
   4.5999224546329820e-02  -1.3549424739539134e-01   2.2825879859926501e-01
   2.8560806039948011e-02  -4.5005590550232129e-03   2.3459018652687635e-01
   1.4646003741655400e-01  -6.8670312779783471e-02   1.9635745220873591e-01
  -9.7141389016536461e-02   1.4291033968474776e-01   1.6319410268152124e-01
   1.0208878192075763e-02   1.1420929715921330e-01   2.0643178942801799e-01
   1.3396407575344177e-01   6.1570937642779544e-02   2.1256142417200075e-01
