  -6.8317259010799561e-02  -2.0065023436890905e-01  -3.3749348084484643e-01
   4.8503073364646695e-02  -2.3029712623476362e-01  -3.2162138125736839e-01
   1.1213203572010630e-01  -1.1746824725162436e-01  -3.5419353726560943e-01
   1.6136884038690621e-01  -2.3210036067354850e-01  -2.7342932246866886e-01
   2.2041148640846298e-01  -1.1680733699565543e-01  -2.9736428423320510e-01
  -8.0825834907211652e-02   3.4924406432926278e-03  -3.7641722312093417e-01
  -2.0984812667831715e-01   1.2885112891380383e-02  -3.2407750767895160e-01
   4.8530841684162440e-02   1.4952383485676759e-02  -4.0259785623687272e-01
   1.6502591819029805e-01   5.1419619624322168e-03  -3.7068023514298565e-01
   2.6592349876789440e-01   3.4319219222466359e-03  -3.0237012627063520e-01
  -1.3817609678930398e-01   1.0959279332339536e-01  -3.5003036106393959e-01
  -2.3064486254497957e-01   1.4769760433661780e-01  -2.8037977981879425e-01
  -1.8014070413726459e-02   1.2756003728919574e-01  -3.6653014785420091e-01
   1.0585022786159817e-01   1.3690746618101018e-01  -3.5130571127198118e-01
  -1.0679212165468246e-01   2.1811734691088530e-01  -3.0160515932976056e-01
   2.0348267001502461e-02   2.3187104540137765e-01  -3.0132808280421991e-01
   1.4157141733568460e-01   2.2351627995558021e-01  -2.5127363589247725e-01
   5.9027835656695463e-02  -3.0276472696796808e-01  -2.0844527841622407e-01
  -5.8609240676716162e-02  -2.8461917732318281e-01  -2.4240249790588797e-01
  -4.6418846129928040e-02  -3.4232332410803357e-01  -1.3296312989876202e-01
   1.7006192170710022e-01  -2.8704330127380534e-01  -1.5427698602217366e-01
   1.8294541008307358e-01  -3.1825164254922489e-01  -3.0576210963644157e-02
  -1.7888217793221023e-01  -2.2017923250649268e-01  -2.8555650924575743e-01
  -2.7528800549326138e-01  -2.1251308296693405e-01  -2.1105258293375667e-01
  -1.5852247809885733e-01  -2.8548350529539784e-01  -1.6682911538693668e-01
   2.5553763437436594e-01  -1.9017122012275045e-01  -1.9574776994734405e-01
   2.6664259837353099e-01  -2.4696635948593643e-01  -8.7698969539973637e-02
   3.5996263425687125e-01  -1.4066555695225488e-01  -1.2307281601098530e-01
  -3.3536837045437906e-01  -7.1205675858542802e-02  -1.8903270948227169e-01
  -2.5442143695009561e-01  -9.7531298715296866e-02  -2.7713077950905202e-01
   3.2008534360044971e-01  -6.9686216991614980e-02  -2.1713257316628143e-01
   3.5454462692944710e-01  -3.7322895741679707e-03  -1.0812005181043272e-01
  -3.0094268429493881e-01   1.5710169987410078e-01  -1.7891857095803310e-01
  -3.5374384394434810e-01   4.2599277867267540e-02  -1.2574130318770566e-01
   3.1942641919646320e-01   7.3073783618038624e-02  -2.1375686773577890e-01
  -3.5058935572693983e-01   1.4929819613466333e-01  -6.2530093162086270e-02
  -1.9168631887851550e-01   2.4551258690233518e-01  -2.0827322100087653e-01
  -2.6869646107710615e-01   2.5936261497950996e-01  -1.0983051665084004e-01
  -7.1140651078169956e-02   3.0195804927071912e-01  -2.1743541424345941e-01
   6.1216642711881944e-02   3.3421763359075934e-01  -2.3118203772295898e-01
   1.7989722970516120e-01   2.8490975865586410e-01  -1.4611220459548685e-01
   2.8208302450043315e-01   2.0601297036910254e-01  -2.2981700725553228e-01
  -3.9735739814798915e-02   3.7020263442724777e-01  -1.1623977929169385e-01
   8.6403896116352283e-02   3.8242243943333232e-01  -1.2321317482448929e-01
  -2.5673622059035534e-01  -2.7178333120535486e-01  -8.7246509673532535e-02
  -2.4864762362413584e-01  -2.9062244028343226e-01   3.3235253345894888e-02
  -1.4856918693641102e-01  -3.3374194439016158e-01  -5.1528212002470666e-02
  -3.2644605971185979e-02  -3.6652612985654154e-01  -1.3075610057133744e-02
   8.4980875666739092e-02  -3.6738226365276361e-01   2.9023971181598975e-02
  -3.4881742102166347e-01  -1.7645120673421605e-01  -1.2126818128083885e-01
  -3.6915121493830361e-01  -6.4639195941148697e-02  -5.6634012206883286e-02
  -3.5550239607662315e-01  -2.0278388231453709e-01  -3.3669414939619773e-03
   3.5857830730932916e-01  -1.8916689534652953e-01  -1.2012727194032024e-02
   3.7539401308666531e-01  -6.2056483704462123e-02   7.4972608633641153e-05
  -3.7141318778249799e-01   4.1058852349333222e-02   7.2977056702683077e-03
   3.7067751709001751e-01   6.0976681736094399e-02   7.9077595845461549e-03
   3.3982378323753326e-01   1.8484890199251697e-01   6.6108971405310340e-03
  -3.0550093732826505e-01   2.4119114235534850e-01   5.0505620600705212e-03
  -2.1321304178764794e-01   3.2196696471297648e-01   5.1904400662696765e-03
   2.7791501439387928e-01   3.1135047441438907e-01  -2.7493455071531919e-02
   3.1581707995361752e-01   2.4593814733872482e-01  -1.2126722863807837e-01
  -9.9279268360037642e-02   3.6855721778678019e-01   5.4199903005327180e-03
   2.4133871680554704e-02   3.7499028058737316e-01   2.2917538259779550e-03
  -2.0782765156015798e-01  -2.8052776451993366e-01   1.5149443343676708e-01
  -1.3664559668623152e-01  -3.5009379953381470e-01   7.2593304371009845e-02
  -2.3748390510116665e-02  -3.7379368858047946e-01   1.1887234556957535e-01
   9.1445176469765466e-02  -3.5314166174247885e-01   1.5465183861614976e-01
   2.0125726557597140e-01  -3.3001883086098294e-01   1.0542824176764165e-01
  -3.6294439553467306e-01  -7.8667608331169647e-02   6.5644200637282615e-02
  -3.3018584383970823e-01  -2.0832068935876580e-01   1.1529897192410163e-01
   3.4621687959621339e-01  -1.4589722498902169e-01   1.0495126144901767e-01
  -3.4315621332827762e-01   3.4839553273856523e-02   1.3046275990504283e-01
   3.4463812677234829e-01  -1.2965136693809335e-02   1.1311701731963111e-01
  -2.9997483890390364e-01   1.5065634651577101e-01   1.8935098976908482e-01
   3.3079027743864786e-01   1.1232190490990773e-01   1.1774887533223047e-01
  -2.6613513371823944e-01   2.5647392407909264e-01   1.1966967596407002e-01
  -1.9448642377763431e-01   2.4248566966137541e-01   2.1970591979248627e-01
   2.9052764668743175e-01   2.3808802652014827e-01   1.0549597862938079e-01
  -1.4884394834766296e-01   3.1325371167691640e-01   1.1806597438883579e-01
  -3.0997595874626409e-02   3.5135672383091454e-01   1.1812973129666132e-01
   9.5797117863513942e-02   3.6646425377709024e-01   1.0811493949586565e-01
  -9.5468035979077298e-02  -3.0247941052319072e-01   1.9912506213236336e-01
   2.3395771604508564e-02  -3.0989308727886389e-01   2.4577912833252713e-01
   1.5435415004309927e-01  -2.6094093013573805e-01   2.1796246075740822e-01
  -2.7518267304806154e-01  -1.9737509793429192e-01   2.2302526717365523e-01
  -1.6857136435107611e-01  -2.2678749479896831e-01   2.7782296094187037e-01
  -4.7055302227072923e-02  -2.2419958243555038e-01   3.0709232280955090e-01
   8.3621032937355261e-02  -2.0551751187827172e-01   3.0174868494155027e-01
   3.0663492149401972e-01  -9.3454151572369526e-02   2.0980491520219180e-01
   2.0419616611830710e-01  -1.5605379007207781e-01   2.6491164436378789e-01
  -2.8179473800745497e-01   2.6931293832098809e-02   2.3772736698755281e-01
   2.9745342851092083e-01   4.3114880893470708e-02   2.1346144167465247e-01
   2.4837823609185988e-01  -3.6660651577411205e-02   3.0408193357758689e-01
  -2.2706619846549464e-01   1.3588901946067306e-01   2.8743789508976902e-01
  -2.0661976025683926e-01   2.0093021724180613e-03   3.4218730392579233e-01
   2.7189520417489449e-01   1.8270007909571856e-01   2.1681547781224708e-01
   2.2721898808236252e-01   1.0770286959008107e-01   3.0180603707935338e-01
  -7.0812678680739385e-02   2.9341827521470826e-01   2.1968590408650374e-01
   5.7117399158816085e-02   3.0476200534128661e-01   2.1298893074481412e-01
   1.8031662327838947e-02   2.2713912236542572e-01   2.9931460560377610e-01
   1.9111174751166299e-01   2.9417586140190444e-01   1.9746513381192210e-01
   1.5513556652020793e-01   2.2843887774530641e-01   2.9292362420616019e-01
  -1.2665421703830060e-01  -1.1829937505444768e-01   3.3509511669283287e-01
   1.7126451908370346e-03  -1.1623863002518578e-01   3.4985024380421870e-01
   1.2708875028464503e-01  -9.7992062978200151e-02   3.4425376543921016e-01
   4.2984785532844225e-02   3.7949707754278972e-03   3.9393762476500249e-01
   1.5895436151619780e-01   2.2644515231812760e-02   3.6231162565629338e-01
  -1.3610875717781512e-01   1.0223800426234170e-01   3.6549746658808213e-01
  -1.8074751030424659e-02   1.2399592879328075e-01   3.8322957656050960e-01
   1.0186670045641971e-01   1.3475823775240051e-01   3.5797554200283122e-01
